Perfil	ST_0_5_cm	ST_5_15_cm	ST_15_30_cm	ST_30_60_cm	ST_60_100_cm	X	Y	top	pH	COT	Al	Ca	Mg	Na	K	H_Al	P	Valor_S	CTCefetiva	Valor_T	Valor_V	m	SPS	s10ndvi	s10savi	s10b2	s10b3	s10b4	s10b8	s20b2	s20b3	s20b4	s20b5	s20b6	s20b7	s20b8A	s20b11	s20b12	lanb1	lanb2	lanb3	lanb4	lanb5	lanb6	lanb7	lanndvi	dem	hill_shade	aspect	convergence_index	curv_cross_sectional	curv_general	curv_longitudinal	curv_maximal	curv_minimal	curv_profile	curv_tangencial	difference	diurnal_anisotropic_heat	effective_air_flow_heights	gradient	Mass_balance_index	mid_slope_position	MRRTF	MRVBF	normalized_height	saga_wetness_index	slope_degress	slope_height	standardized_height	terrain_ruggedness_index	terrain_surface_classification_iwahashi	terrain_surface_convexity	valley_depth	amb_pedo
P775	2.27	2.31	3.22	3.63	4.46	538514.44	8750051.35	0	5.7	4.39	0.05	0.92	0.2	0.07	0.1	1.96	5.59	1.3	1.35	3.26	39.83	3.62	2.27	0.44	0.66	571.36	1001.56	1134.28	2925.04	577.4	1004.67	1133.54	1747.54	2527.39	2787.22	3112.11	3364.13	2120.46	208.13	355.48	770.15	913.4	2863.13	2936.03	1784.03	0.52	314.54	166.71	84.21	-0.17	0	-0.01	0	0	0	0	0	0.05	-0.05	132.51	0.04	-0.16	0.57	0.27	0.48	0.22	6.84	5.49	4.71	203.78	0.62	87.4	39.6	18.02	3
P776	2.29	2.23	2.04	2.17	2.45	536805.46	8749271.6	0	5.34	4.19	0.29	0.51	0.2	0.07	0.06	2.48	2.86	0.84	1.14	3.33	25.38	25.73	2.22	0.48	0.71	543.52	859.32	985.52	2762.64	539.04	852.51	975.71	1491.35	2279.21	2545.53	2935.87	3345.3	2151.26	234.07	334.23	653.35	766.7	2638.79	2822.72	1668.73	0.55	333.37	163.66	178.81	3.47	0	0	0	0	0	0	0	0.05	0.1	142.21	0.07	0.01	0.23	0.25	0.3	0.39	6.12	6.66	7.84	236.18	0.74	113	48.57	11.95	3
P779	2.17	2.07	1.9	5.81	10.77	538451	8748556	0	5.13	4.32	0.54	0.41	0.1	0.08	0.12	3	3.2	0.7	1.24	3.71	18.98	43.25	2.11	0.46	0.69	578.48	911.96	1105.32	2987.12	581.88	921.38	1114.73	1666.41	2541.71	2847.5	3110.42	3509.58	2204.87	225.91	337.1	692.41	867.93	2651.46	2910.08	1738.74	0.51	346.04	146.49	180.23	12.51	0.01	0.02	0.01	0.01	0	0	0	-0.05	0.14	166.42	0.28	0.34	0.65	0.31	0.05	0.82	4.47	13.39	13.94	315.8	1.59	99	67.92	3	2
P785	3.39	3.36	3.81	4.78	3.81	537268.03	8747266.16	0	5.85	3.65	0.1	0.82	0.92	0.08	0.09	0.4	16.97	1.9	2	2.3	82.67	4.87	3.4	0.33	0.5	670.44	995.24	1338.84	2612.08	657.42	987.94	1316.9	1737.32	2257.83	2473.57	2790.67	3915.74	2868.89	366.64	464.26	775.8	1012.25	2500.86	3240.38	2216.66	0.42	370.51	177.42	105.44	-1.16	0	0	0	0	0	0	0	0	0	174.69	0.01	0	0.07	0.55	2.6	0.54	8.8	1.03	10.07	278.92	0.11	66	30.82	8.72	5
P787	2.87	2.83	2.87	3.38	4.21	537549.87	8746960.76	0	5.7	3.2	0.15	0.51	0.41	0.09	0.06	1.96	2.59	1.06	1.21	3.03	35.16	12.08	2.87	0.46	0.68	493.56	755.96	968.36	2548.08	484.43	744.75	952.62	1364.97	2117.39	2379.62	2690.41	3199.12	2090.19	240.49	326.44	578.24	749.01	2390.45	2687.28	1636.4	0.52	365.38	177.16	126.36	1.45	0	0	0	0	0	0	0	0	0	170.55	0.01	0	0.31	1.77	3.52	0.35	9.4	0.7	11.62	239.74	0.08	98.92	73.37	21.91	5
P789	1.84	3.21	4.27	3.53	3.29	538241.65	8746490.34	0	4.79	9.38	0.73	0.31	0.31	0.08	0.06	3.7	2.59	0.75	1.48	4.44	16.8	49.48	1.76	0.46	0.7	485.48	724.76	939.04	2534.08	474.51	715.63	926.85	1348.92	2090.63	2376.77	2707.34	3243.38	2068.23	216.34	302.44	535.48	685.77	2362.3	2608.64	1529.41	0.55	354.27	178	100.23	-0.17	0	0	0	0	0	0	0	0	0	162.59	0.01	0	0.34	0.71	3.62	0.33	10.67	0.72	25.05	233.19	0.08	68.16	43.94	50.44	5
P793	2.02	2.53	3.68	5.3	6.58	539114.16	8746216.95	0	4.98	4.84	0.39	0.71	0.61	0.11	0.06	3.7	2.86	1.5	1.89	5.2	28.84	20.65	2.09	0.47	0.71	458.72	714.4	879.4	2451.44	457.07	704.38	874.76	1313.64	2053.63	2326.37	2647.53	3268.75	2085.57	235.19	325.11	569.59	711.66	2329.54	2691.1	1618.45	0.53	341.41	177	106.07	0.43	0	0	0	0	0	0	0	0	0	153.48	0.01	0	0.6	1	2.58	0.2	10.22	0.92	15.17	206.86	0.1	98	53.7	60.37	5
P795	1.52	2	2.84	3.9	4.65	538261.42	8745469.67	0	5.25	4.7	0.54	1.02	0.61	0.08	0.07	3.35	3.27	1.78	2.32	5.13	34.75	23.1	1.52	0.5	0.75	445.76	683.36	851.76	2518.4	452.43	690.8	862.04	1269.44	2084.25	2380.44	2699.15	3155.89	1968.55	234.23	320.96	575.59	731.31	2434.63	2680.96	1623.31	0.54	351.36	177.13	105.74	-0.4	0	0	0	0	0	0	0	0	0	158.68	0.02	0	0.1	1	2.53	0.55	9.01	0.86	30.55	271.45	0.09	98	37.21	24.78	5
P796	1.58	1.79	2.2	2.68	3.06	538943.91	8745202.19	0	5.16	7.91	0.39	0.41	0.2	0.07	0.06	3.87	2.59	0.75	1.14	4.62	16.23	34.21	1.6	0.46	0.69	542.72	838.68	1060.56	2830.56	554.13	849.49	1074.83	1561.55	2373.91	2680.87	3031.61	3560.27	2294.48	292.92	384.54	671.22	869.91	2685.55	2965.78	1822.66	0.51	338.21	175.94	118.11	0.6	0	0	0	0	0	0	0	0	0	151.31	0.02	0	0.3	0.84	2.44	0.35	8.99	1.2	16.47	230.53	0.13	98	62.11	30.79	5
P800	0.86	1.3	2.24	3.02	3.93	537330.17	8743661.81	0	4.41	6.86	1.27	0.2	0.2	0.08	0.05	7.69	3.14	0.54	1.81	8.23	6.56	70.12	0.95	0.44	0.66	504.44	768.28	1063.24	2573.76	467.73	721.1	979.86	1383.98	2079.87	2372.13	2705.91	3341.6	2097.47	219.23	303.02	553.79	731.6	2400.08	2725.06	1575.01	0.53	360	177.37	110.17	0.73	0	0	0	0	0	0	0	0	0	161.05	0.02	0.02	0.34	0.86	2.44	0.67	9.38	1.11	56.27	298.25	0.12	98	76.33	27.78	5
P805	1.52	2.12	3.6	5.3	6	539870.26	8739856.86	0	5.31	4.44	0.19	0.92	0.71	0.07	0.08	2.66	4.23	1.79	1.99	4.45	40.26	9.82	1.66	0.26	0.39	1090.08	1595.8	2047.04	3383.44	1100.6	1605.44	2071.19	2572.57	3005.13	3221.91	3604.59	4809.92	3699.31	528.36	717.72	1269.56	1688.72	3236.64	4254.43	3179.79	0.32	274.79	172.53	108.79	5.1	0	0	0	0	0	0	0	-0.02	0	104.48	0.06	0.08	0.12	1.32	0.7	0.44	9.29	2.26	13.21	217.66	0.27	111.08	64.32	16.86	4
P806	0.71	1.26	2.59	4.03	6.16	539708.99	8738918.82	0	4.75	12.27	0.34	1.94	1.33	0.09	0.11	6.82	6.07	3.46	3.8	10.28	33.64	8.98	0.85	0.31	0.47	825.92	1276	1613.68	3042.96	804.53	1270.42	1590.7	2132.52	2625.51	2872.59	3263.92	4429.19	3227.68	437.16	607.2	1087.64	1388.61	2953.41	3882.54	2727.66	0.36	235.1	180.85	180.19	0	0	0	0	0	0	0	0	0	0	79.21	0	0	0.9	0.71	3.91	0.05	11.47	0.14	2.42	176.17	0.02	35	47.94	45.97	4
P808	1.39	2.45	3.67	3.53	4.68	538518.87	8736496.3	0	5.3	10.22	0.15	2.55	1.12	0.16	0.17	5.61	5.73	4.01	4.15	9.61	41.68	3.52	1.67	0.31	0.47	566.96	857.92	1248.48	2374.8	560.88	855.7	1240.39	1660.2	1981.16	2210.01	2570.81	3878.73	2646.86	383.47	472.95	765.83	1076.85	2307.25	3334.03	2191.26	0.36	315.26	177.96	30.62	2.37	0	0	0	0	0	0	0	-0.02	0	147.7	0.02	0	0.76	3.82	1.5	0.88	9.68	0.1	34.35	297.91	0.01	35	41.45	4.78	5
P814	1.39	1.45	1.75	3.15	4.66	535503.1	8732958.01	0	5.69	3.74	0.15	1.12	0.82	0.06	0.13	2.14	3.75	2.13	2.28	4.26	49.93	6.43	1.43	0.29	0.44	873.72	1352.88	1735.44	3156.48	860.11	1331.22	1709.94	2231.94	2739.31	2978.01	3329.8	4289.76	3179.25	393.2	533.63	1021.96	1343.99	2955.43	3657.25	2602.1	0.38	324.54	187.4	310.69	0.86	0	0	0	0	0	0	0	-0.05	-0.02	180.33	0.1	0.06	0.57	0.45	0.93	0.79	8.11	2.96	44.7	292.25	0.33	113.12	73.04	12.03	5
P815	1.89	1.75	1.5	1.73	2.18	537306.21	8732822.9	0	5.66	2.83	0.05	0.61	0.61	0.07	0.14	2.14	3.75	1.43	1.48	3.56	40.07	3.3	1.83	0.34	0.52	597.52	889.92	1169.52	2399.6	592.04	881.73	1158.84	1590	2081.38	2288.24	2524.08	3699.54	2677.64	340.76	429.3	715.5	921.1	2315.97	3093.57	2157.91	0.43	331.91	178	75.17	0.79	0	0	0	0	0	0	0	0	-0.01	174.44	0.01	0	0.4	1.02	3.42	0.7	9.37	0.67	17.51	284.55	0.07	97.72	49.64	7.44	6
P819	1.15	1.23	1.97	3.79	3.2	539233.44	8731727.35	0	4.67	7.08	0.63	0.92	0.71	0.08	0.11	4.91	5.15	1.81	2.45	6.73	26.98	25.87	1.16	0.34	0.51	694	979.6	1306.64	2665.68	681.87	966.88	1291.63	1748.39	2227.13	2483.13	2832.94	3971.53	2682	347.16	437.78	735.07	1005.75	2521.64	3381.49	2219.77	0.43	313.17	178.5	62.21	-0.83	0	0	0	0	0	0	0	0.01	-0.02	159.76	0.02	0	0.36	0.54	2.11	0.32	9.2	1.42	7.79	218.19	0.16	83.92	36.44	16.38	5
P822	1.55	1.6	1.75	1.9	1.87	535722.09	8730629.53	0	5.23	3.01	0.19	0.71	0.41	0.06	0.06	2.66	2.28	1.24	1.43	3.89	31.81	13.59	1.56	0.46	0.69	512.52	835.32	990.6	2660.16	512.65	832.91	991.48	1573.01	2276.13	2511.79	2848.15	3394.48	2101.78	223.96	318.15	645.26	772.7	2524.62	2864.3	1648.14	0.53	352.89	183	302.5	-0.84	0	0	0	0	0	0	0	-0.02	0	196	0.04	-0.01	0.4	0.41	2.75	0.7	10.1	1.08	9.47	298.66	0.12	66	38.14	4.07	5
P823	1.02	1.36	2.39	2.56	2.95	537203.53	8730109.42	0	5.81	3.18	0.05	1.53	0.61	0.06	0.12	2.48	21.74	2.32	2.37	4.8	48.31	2.06	1.27	0.46	0.69	550.28	1011.24	1251.72	3436.96	538.92	993.01	1214.74	1829.14	3077.29	3362.46	3518.26	3579.01	2467.01	324.07	402.36	745.32	1017.94	2696.23	3334.39	2282.72	0.45	350.66	178.01	65.33	1.47	0	0	0	0	0	0	0	0.01	-0.02	190.24	0.01	-0.01	0.67	1.17	2.98	0.83	8.77	1.23	23.73	321.13	0.14	84.08	43.96	4.73	5
P825	1.92	1.7	1.43	1.73	3.73	533483.26	8729304.7	0	4.98	8.23	0.39	0.71	0.71	0.12	0.18	4.39	3.75	1.73	2.12	6.12	28.26	18.39	1.92	0.37	0.55	751.92	1220.44	1430.8	3078.64	761.58	1236.2	1458.45	2052.12	2727.9	2957.95	3260.19	4167.63	2728.42	367.27	525.29	1048.1	1320.43	2969.58	3715.4	2381.88	0.39	330.16	181.52	254.36	1.45	0	0	0	0	0	0	0	0	0.01	158.78	0.02	0.05	0.45	1.04	4.06	0.27	13.05	1.27	11.98	215.96	0.14	94.04	79.01	31.9	5
P826	1.4	1.5	1.78	2.14	2.52	536730.42	8729163.75	0	5.18	6.76	0.24	1.02	0.41	0.08	0.11	3.87	3.75	1.61	1.86	5.48	29.42	13.12	1.43	0.39	0.58	557.2	828.44	1066.8	2407.76	551.43	825.41	1061.69	1514.01	2024.97	2258	2570.94	3680.03	2431.77	321.54	389.1	645.27	831.5	2289.63	3111.8	1962.78	0.47	360.02	180	65.81	-0.83	0	0	0	0	0	0	0	-0.01	0	200.14	0.01	0.01	0.89	5.83	3.13	0.95	9.55	0.15	32.31	349.93	0.02	32.44	52.45	1.84	5
P827	1.9	1.84	1.71	1.47	1.45	533936.47	8728715.1	0	5.51	4.48	0.1	0.82	0.41	0.07	0.12	2.48	2.84	1.42	1.52	3.9	36.36	6.43	1.9	0.34	0.51	812.88	1198.64	1453.68	2930	814.95	1198.2	1460.65	1976.72	2500.7	2730.68	3127.67	4162.1	2757.39	327.08	479.11	896.99	1144.14	2780.23	3626.13	2313.86	0.42	335.03	180.53	253.52	1.19	0	0	0	0	0	0	0	0.01	0.01	163.05	0.01	0.01	0.68	1.43	3.1	0.16	11.89	0.66	3.53	198.66	0.08	93.44	55.93	18.79	5
P830	1.5	1.44	1.29	1.37	1.6	533867.48	8727990.53	0	5.35	2.34	0.19	0.51	0.51	0.06	0.1	2.66	1.58	1.18	1.37	3.83	30.74	14.19	1.47	0.37	0.55	650.8	994.08	1248.48	2709.68	650.96	993.52	1246.07	1755.46	2266.14	2521.61	2949.35	3912.15	2482.3	310.7	434.37	775.91	982.3	2603.19	3302.54	2002.61	0.45	333.48	182	272.97	-0.33	0	0	0	0	0	0	0	0.01	0.01	157.61	0	0	0.63	2.17	1.96	0.19	12.09	1.06	4.47	202.9	0.12	98	55.24	19.53	5
P833	1.42	1.4	1.33	1.8	2.39	537027.33	8727578.87	0	5.25	5.19	0.19	1.02	0.71	0.07	0.05	2.83	2.63	1.85	2.04	4.68	39.54	9.53	1.39	0.27	0.4	759.08	1216.36	1613.92	2727.28	738.06	1180.56	1557.47	1980.78	2430.23	2600.45	2803.64	4084.53	2966.84	388.65	488.11	880.98	1170.13	2493.24	3522.08	2517.53	0.36	359.09	178.12	90.11	-7.19	0	0	0	0	0	0	0	0.01	0	190.88	0.01	-0.04	0.91	5.88	3.12	0.95	9.88	0.93	31.63	350.49	0.11	98.28	36.49	1.53	6
P834	1.52	1.48	1.4	1.31	1.65	531647	8726410.64	0	5.45	3.03	0.24	0.41	0.41	0.06	0.05	2.83	2.28	0.92	1.16	3.75	24.51	20.97	1.51	0.32	0.48	897.08	1209.68	1485.6	2869.52	898.72	1211.57	1486.02	1903.71	2389.67	2665.56	3107.92	4197.39	2724.85	399.18	564.85	935.93	1177.44	2774.33	3618.83	2224.9	0.4	335.29	178	22.51	0	0	0	0	0	0	0	0	0	0	158.66	0	0	0.82	6.47	5.99	0.09	12.26	0.11	3.52	187.36	0.01	3	0	36.39	6
P836	1.75	2.09	2.4	2.18	2.21	535625.78	8725844.06	0	6.06	6.42	-0.05	1.53	1.22	0.08	0.05	1.79	2.07	2.88	2.84	4.67	61.74	-1.72	1.77	0.39	0.59	588.24	903.16	1114.64	2540.24	594.62	906.82	1121.45	1631.84	2134.61	2378.13	2751.5	3598.89	2315.94	321.36	421.9	747.46	964.16	2500.88	3187.15	2036.41	0.44	351.98	179.51	59.13	-2.62	0	0	0	0	0	0	0	0	0	177.63	0.01	0	0.68	6.94	3.99	0.84	11.18	0.23	11.51	323.29	0.03	28.6	37.32	2.2	6
P838	1.22	1.63	1.89	1.78	2.67	534309.42	8724686.24	0	6.1	7.55	0.05	1.73	1.43	0.06	0.13	1.79	14.18	3.35	3.4	5.14	65.19	1.43	1.19	0.39	0.59	578.96	956.36	1187.28	2709.68	584.74	961.11	1208.64	1740.27	2392.95	2606.83	2847.48	3669.39	2622.61	407.66	489.33	849.52	1088.84	2640.9	3318.49	2344.56	0.42	352.69	183	313.34	-0.74	0	0	0	0	0	0	0	0	0	177.63	0.01	0	0.53	0.39	2.97	0.77	9.45	0.76	10.35	310.89	0.08	66	51	3.14	5
P839	1.76	1.99	2.35	2.71	3.17	535120.69	8724416.3	0	4.45	3.04	0.1	0.41	0.41	0.06	0.03	2.31	1.09	0.91	1	3.21	28.18	9.72	1.76	0.36	0.54	698.68	1054.32	1353	2806	657.29	999.39	1260.19	1781.89	2400.19	2635.9	2942.77	3707.75	2536.44	328.65	426.29	752.5	947.43	2563.62	3156.98	2025.9	0.46	356.2	179	133.53	-0.35	0	0	0	0	0	0	0	0	0	181.54	0.01	0	0.63	6.69	1.71	0.82	10.9	0.17	9.73	322.62	0.02	35	53.42	2.18	6
P843	1.94	1.83	1.85	2.36	2.71	532068.12	8723462.37	0	5.5	3.39	0.1	0.82	0.2	0.05	0.03	1.61	1.16	1.1	1.2	2.72	40.58	8.12	1.92	0.37	0.55	690.72	1006.56	1271.64	2716.4	673.92	988.66	1246.4	1729.74	2231.46	2482.46	2938.67	3827.27	2467.56	408.86	518.29	832.81	1067.19	2698.55	3518.26	2153.08	0.43	340.13	183.82	21.18	0.81	0	0	0	0	0	0	0	0	0	168.69	0	0	0.72	0.74	4.83	0.14	11.09	0.11	4.21	196.23	0.01	3	10.32	26.15	5
P846	1.49	1.56	1.68	1.67	2.53	532857.24	8723586.08	0	5.5	3.45	0.1	0.61	0.31	0.05	0.04	2.48	1.37	1.01	1.1	3.49	28.84	8.83	1.5	0.37	0.56	610	928.32	1208.48	2634.96	595.53	910.58	1185.18	1646.21	2183.26	2441.49	2838.38	3810.84	2529.47	393.67	476.84	761.27	969.07	2562.65	3352.03	2109.73	0.45	346.66	183	295.94	0.9	0	0	0	0	0	0	0	0.01	0	175.92	0.01	0	0.1	1.07	2.57	0.45	9.1	0.93	6.32	251.09	0.1	98	56.09	7.75	5
P847	1.22	1.44	1.95	2.32	2.21	534318.84	8723219.1	0	5.4	1.14	0.24	0.61	0.2	0.05	0.03	3.18	0.81	0.9	1.14	4.07	22	21.38	1.28	0.39	0.59	602.8	916.56	1152.64	2606.56	589.55	900.05	1127.84	1616.31	2223.04	2479.55	2805.75	3575.58	2343.99	337.23	430.04	752.51	948.69	2604.7	3171.92	2003.17	0.47	359.18	180.22	97.26	-2.97	0	0	0	0	0	0	0	0	0	183.52	0	-0.02	0.75	5.93	3.37	0.87	10.95	0.31	10.24	335.7	0.04	25.88	9.36	1.48	6
P850	2.2	2.23	2.42	3.01	3.22	534144.53	8722778.76	0	6.53	1.43	0	1.53	0.71	0.07	0.11	0.75	5.99	2.42	2.42	3.16	76.41	0	2.2	0.32	0.48	658.96	985.88	1275.88	2481.44	650.75	972.97	1254.66	1700.96	2166.55	2356.21	2646.61	3719.32	2651.28	392.72	470.58	771.19	981.69	2426.8	3227.78	2137.82	0.42	360.51	180	230.16	-0.48	0	0	0	0	0	0	0	-0.01	0	184.81	0.01	0	0.71	5.93	1.74	0.86	11.68	0.1	13.27	333.33	0.01	17.08	47.36	2.25	6
P852	2.34	2.25	2.09	2.88	3.16	533322.52	8722625.44	0	5.17	1.49	0.29	0.31	0.1	0.05	0.03	1.79	1.79	0.49	0.79	2.28	21.63	37.21	2.29	0.37	0.55	557.92	822.56	1066.08	2298.08	549.87	823.59	1057.25	1466.87	1935.75	2162.7	2491.32	3513.23	2300.9	369.32	446.94	710.72	909.89	2268.22	3170.68	1976.57	0.43	355.29	181	268.41	-1.37	0	0	0	0	0	0	0	0	0	179.82	0.01	0	0.14	0.81	4.4	0.57	10.86	0.27	9.36	276.71	0.03	35	44.71	7.1	6
P853	1.02	1.25	1.71	2.07	1.67	534237.38	8722391.3	0	6.62	8.2	0	2.04	2.24	0.06	0.18	1.27	9.21	4.52	4.52	5.79	78.11	0	1.05	0.25	0.38	709.88	1030.64	1399.6	2331.6	704.57	1021.11	1381.98	1722.55	2021.37	2196.49	2468.02	4033.89	2978.77	442.46	528.49	806.96	1081.24	2155.86	3597.09	2503.43	0.33	361.33	180	324.34	7.54	0	0	0	0	0	0	0	0	0	185.85	0.01	0.01	0.67	5.96	0.61	0.84	10.49	0.4	9.56	330.39	0.04	70.84	71.48	1.88	6
P855	2.17	2.13	2.04	2.34	2.8	530866.59	8721325.23	0	4.99	3.89	0.39	0.2	0	0.05	0.02	1.96	0.53	0.27	0.66	2.24	12.29	58.65	2.14	0.35	0.52	611.76	1029.4	1436.8	2850.72	614.11	1026.85	1414.42	1890.06	2527.2	2729.12	2918.58	3631.54	2588.21	372.89	456.21	815.96	1114.93	2640.69	3295.65	2190.32	0.41	351.76	182	315.43	5.41	0	0	0	0	0	0	0	0.01	0	181.62	0	0.01	0.67	2.46	3.01	0.16	11.12	0.61	6.82	202.35	0.07	98.92	51.46	34.81	5
P861	1.44	1.45	1.51	1.72	2.67	546420.13	8719560.4	0	5.31	15.85	0.39	1.33	0.41	0.1	0.17	4.91	3.89	2	2.39	6.91	28.94	16.31	1.45	0.31	0.47	732.44	1175.16	1563.44	2913.44	734.9	1169.52	1565.3	2062.83	2516.15	2749.28	3027.87	4374.16	2931.84	460.6	602.04	1066.41	1440.22	2851.93	4065.59	2710.47	0.33	317.11	127	131.82	-1.89	0	0	0	0	0	0	0	0	0.08	153.19	0.26	0.11	0.24	0	0	0.6	8.53	14.78	18.93	259.67	1.68	113	54.27	12.91	2
P862	6.98	11.1	16.9	22.42	25.64	544645.06	8719542.18	0	6.3	16.71	0.05	7.24	16.72	2.17	1.72	4.23	9.21	27.86	27.9	32.09	86.81	0.17	6.77	0.21	0.32	885.44	1387.04	1948.64	3001.36	885.53	1381.24	1933.88	2381.66	2652.18	2860.99	3146.29	4846.81	3933.5	468.94	609.9	1010.29	1385.44	2620.49	3970.63	3031.04	0.31	258.69	180.39	225.56	6.61	0	0	0	0	0	0	0	0.05	0.07	107.46	0.03	0.08	0.77	0.51	0.39	0.12	7.69	4.66	2.64	183.08	0.52	102.76	58.91	23.69	3
P865	9.19	10.09	12.71	22.07	52.42	543956.65	8719285.3	0	5.76	13.99	0.15	2.55	3.87	1.17	1.05	3.67	3.89	8.65	8.8	12.32	70.22	1.66	9.53	0.32	0.48	646.52	967.48	1287.76	2497.12	636.78	955.51	1279.51	1691.13	2071.15	2318.19	2676.5	4406.73	3283.75	431.03	529.82	815.58	1046.44	2327.45	3611.29	2588.62	0.38	253.38	149.57	184.13	2.62	0	0.01	0.01	0.01	0	0.01	0	0.01	0.19	101.46	0.19	0.34	0.31	0.04	0.08	0.61	5.5	11.58	7.75	222.22	1.32	113	81.82	5.07	3
P867	0.41	1.43	4.89	6.22	2.61	540664.93	8719168.66	0	6.45	12.52	0.39	3.47	1.33	0.12	0.9	3.4	10.61	5.81	6.2	9.21	63.05	6.29	1.27	0.41	0.62	507.4	804.44	997.6	2389.2	505.42	801.98	994.47	1437.05	1961.96	2224.15	2550.86	3758.69	2502.88	328.1	390.99	647	801.04	2162.23	2974.35	1933.64	0.46	306.35	178.98	106.76	0	0	0	0	0	0	0	0	0	0	134.28	0.01	0	0.11	2.35	3.22	0.55	10.54	0.59	42.17	246.9	0.07	99	43.94	33.96	6
P868	1.98	2.62	4.07	4.62	5.23	545835.8	8719101.09	0	5.8	4.83	0.39	0.92	0.71	0.06	0.07	1.08	0.37	1.76	2.15	2.84	61.98	18.14	2.14	0.36	0.54	520.44	805.2	1033.12	2195.04	516.92	801.98	1030.45	1431.57	1837.1	2052.79	2349.38	3724.82	2538.38	379.82	470.64	736.78	918.17	2182.54	3195.82	2131.75	0.41	324.55	177.78	169.51	3.32	0	0	0	0	0	0	0	0	0.01	167.47	0.01	0.03	0.88	3.83	1.51	0.94	9.4	0.87	61.92	315.24	0.1	98.28	73.49	4.05	5
P872	0.7	3.46	12.63	24.27	6.49	544167.58	8718750.63	0	5.66	13.2	0.1	2.45	2.35	0.14	0.79	3.57	11.46	5.73	5.82	9.3	61.61	1.67	1.5	0.3	0.46	617.64	935.04	1261.44	2366.96	618.45	934.32	1264.95	1656.02	1992.54	2204.69	2532.33	4253.87	3217.87	452.65	543.33	829.49	1066.73	2272.17	3540.55	2590.05	0.36	256.32	187.47	183.32	-15.46	0	-0.01	0	0	0	0	0	0.04	-0.04	104.52	0.04	-0.15	0.67	0.18	1.35	0.16	8	4.51	1.45	186.77	0.54	113.08	46.96	8.02	2
P874	5.46	4.86	3.17	5.08	17.46	544369.51	8718681.5	0	5.99	7.51	0.05	3.06	7.04	0.71	0.72	2.57	2.17	11.53	11.57	14.1	81.75	0.42	5.06	0.3	0.44	758.48	1140	1464.8	2696.08	756.96	1139.68	1456.43	1913.96	2340.13	2574.66	2917.47	4430.09	3253.29	376.28	534.05	919.78	1172.4	2531.02	3658.58	2579.89	0.37	264.55	189.76	288.56	-3.1	0	0	0	0	0	0	0	0.03	0	111.54	0.04	-0.08	0.5	0.31	1.1	0.25	6.32	3.61	2.93	195.74	0.4	81	17.64	8.98	3
P875	4.2	4.31	4.87	6.56	8.24	535133.3	8718576.98	0	5.44	5.15	0.19	0.61	0.1	0.12	0.05	1.91	2.17	0.88	1.07	2.79	31.49	18.18	4.21	0.35	0.53	617.44	1003.24	1381.84	2775.2	598.96	991.01	1339.45	1841.18	2467.44	2681.61	2885.86	3555.24	2432.57	294.06	376.32	735.09	1014.88	2435.1	2791.64	1948.42	0.41	358.11	182.03	26.69	-3.5	0	0	0	0	0	0	0	0.02	-0.04	179.01	0.02	-0.08	0.57	0.35	1.49	0.22	8.63	2.46	3.62	213.19	0.27	97.32	43.64	13.46	5
P878	2.45	2.47	2.58	2.82	3.15	546401.88	8718126.54	0	6.27	23.98	0	2.04	2.14	0.16	0.07	2.07	7.94	4.41	4.41	6.48	68	0	2.48	0.28	0.42	678.76	985.4	1354.96	2391.76	670	977.35	1349.52	1721.94	2040.53	2253.05	2591.38	4323.86	3153.29	442.36	540.84	868.53	1006.69	2856.16	3442.7	2350.8	0.48	255.71	180.62	213.56	-1.2	0	0	0	0	0	0	0	0	0.07	109.14	0.07	-0.06	0.22	0.39	0.83	0.4	5.91	4.16	8.98	206.03	0.48	81.12	38.41	13.7	2
P879	8.36	7.88	6.57	6.22	7.4	535241.14	8717959.56	0	5.96	4.42	0.15	0.51	0	0.1	0.04	0.58	2.38	0.65	0.79	1.23	52.74	18.4	8.13	0.52	0.78	495.44	770.64	856.12	2671.2	503.27	779.97	861.03	1375.12	2238.91	2530.9	2858.62	2933.45	1760.68	246.56	326.17	608.39	710.14	2478.04	2361.38	1439.73	0.56	354.45	166.77	143.01	0.4	0	0	0	0	0	0	0	0.04	0.03	173.08	0.03	0.01	0.34	0.32	0.62	0.33	8.02	3.78	4.79	233.33	0.42	97	66.79	9.91	5
P881	3.09	2.3	3.04	11.08	13.98	543771.65	8717774.81	0	5.07	26.1	0.34	3.47	5.3	0.57	0.92	8.71	11.32	10.26	10.6	18.98	54.08	3.22	3	0.44	0.66	565.24	981.2	1112.44	2829.36	576.09	993.7	1145.69	1719.75	2444.46	2705.3	2948.84	3561.96	2465.25	330.42	444.43	837.3	980.28	2657.06	3054.6	2018.49	0.46	265.68	168.06	139.21	1.89	0	0	0	0	0	0	0	-0.02	0.03	111.7	0.09	0.02	0.19	0.52	0.48	0.59	5.96	3.96	8.76	228.16	0.44	113	57.07	5.77	3
P882	5.98	8.2	20.14	34.74	34.39	543095.39	8717748.78	0	4.99	16.85	0.44	1.22	3.57	0.69	0.56	5.73	1.82	6.05	6.49	11.77	51.36	6.76	5.87	0.45	0.68	416.2	751.2	840.32	2224.96	415.94	756.59	850.45	1344.36	1968.67	2188.55	2419.03	3248.98	1956.69	219.62	307.28	629.38	693.94	2252.73	2519.66	1455.46	0.53	264.43	186.81	303.15	9.78	0	0	0	0	0	0	0	-0.03	-0.02	108.69	0.07	0.09	0.85	1.45	0.38	0.92	5.92	2.78	25.21	257.5	0.32	110.72	74.89	2.06	3
P885	2.45	2.7	4.05	5.64	NA	546578.71	8717491.23	0	6.95	10.53	0	5.81	8.67	0.44	1.1	1.91	5.13	16.02	16.02	17.93	89.35	0	2.45	0.24	0.35	852.48	1330.08	1809.36	2915.28	841.65	1313.18	1781.42	2213.2	2557.55	2766.03	3082	4674.38	3755.23	441.3	621.51	1150.23	1493.46	3142.46	4071.72	3155.21	0.36	225.37	168.86	172.05	-4.89	0	0	0	0	0	0	0	0.08	0.07	86.86	0	-0.13	0.8	0.2	0.83	0.1	10.17	4.75	2.09	178.36	0.53	97.64	21.63	23.29	4
P886	2.1	3.64	3.85	3.67	11.85	543044.79	8717511.87	0	5.51	13.59	0.44	0.61	2.35	0.17	0.25	4.73	2.03	3.38	3.82	8.12	41.71	11.47	2.14	0.65	0.97	359.92	687.52	623.32	2865.68	354.73	680.03	611.49	1224.44	2357.2	2733.18	3067.4	2719.7	1545.4	194.57	266.53	571.42	558.37	2597.45	2212.11	1233.23	0.65	247.22	159.9	191.09	-12	-0.01	-0.01	-0.01	0	-0.01	0	0	0.09	0.16	94.58	0.1	-0.21	0.53	0.01	0.2	0.24	5.32	10.78	2.91	190.89	1.25	113	48.55	10.35	2
P887	7.36	8.89	14.77	5.62	0	546056.13	8717298.9	0	6.8	4.76	0	4.69	19.07	2.17	0.9	2.24	40.72	26.83	26.83	29.07	92.29	0	7.48	0.29	0.44	624.28	1010.84	1316.48	2405.12	629.58	1003.79	1307.76	1720.29	2138.03	2345.07	2570.76	3751.4	2815.75	368	516.32	920.57	1183.15	2438.86	3289.62	2371.36	0.35	228.54	179.51	225.01	8.25	0	0	0	0	0	0	0	0.04	0.05	88.29	0.02	0.12	0.22	1.23	0.35	0.59	8.25	3.57	5.76	205.82	0.4	113	89.02	3.87	3
P888	5.25	5.17	4.84	4.34	4.74	534994.22	8717307.83	0	5.4	4.76	0.19	0.51	0.2	0.13	0.05	1.58	1.81	0.89	1.09	2.47	36.17	17.91	5.1	0.45	0.67	629.84	917.36	1044.12	2675.12	610.63	902.53	1014.72	1497.56	2260.61	2525.76	2830.37	3026.71	1916.7	267.74	351.3	637.99	731.52	2445.92	2422.64	1506.83	0.54	369.01	175.86	74.5	-4.62	0	0	0	0	0	0	0	0.02	-0.03	183.92	0.03	-0.08	0.54	0.28	1.59	0.23	7.34	2.95	3.28	218.44	0.33	65	5.53	10.91	5
P889	2.59	2.75	3.21	3.5	3.87	541260.61	8717146.17	0	5.67	8.4	0.19	0.82	0.71	0.12	0.17	2.57	5.9	1.82	2.01	4.39	41.41	9.68	2.67	0.24	0.37	741.36	1103.28	1503.6	2477.6	739.41	1099.48	1498.76	1883.02	2167.51	2360.5	2633.22	4149.38	3001.47	329.3	484.16	857.74	1147.3	2258.41	3308.15	2332.64	0.33	295.19	178.66	181.55	-0.94	0	0	0	0	0	0	0	-0.05	0.01	127.96	0.05	-0.02	0.74	3.17	1.63	0.87	9.43	0.47	42.55	279.16	0.05	77.64	45.44	6.42	5
P890	1.9	1.69	2.34	6.89	11.11	546367.23	8716995.71	0	6.48	15.6	0.05	5.71	8.57	0.35	0.64	3.4	11.81	15.26	15.31	18.67	81.77	0.32	1.86	0.39	0.59	582.24	954.2	1181.68	2700	588.91	959.3	1205.03	1711.77	2315.22	2564.42	2895.66	3902.61	2733.86	375.31	517.45	913.09	1093.33	2946.41	3458.61	2364.05	0.46	220.94	187.21	274.9	2.32	0	0	0	0	0	0	0	0.04	0.01	84	0	-0.02	0.94	0.58	1.67	0.03	10.86	2.45	1.38	174.41	0.28	110.8	35.02	50.39	2
P894	3.44	4.64	9.16	14.99	15.78	545849.81	8716329.98	0	5.76	10.66	0.1	3.16	5.51	0.74	0.69	5.06	12.02	10.1	10.2	15.16	66.61	0.96	4.87	0.16	0.24	957.52	1652.4	2432.72	3340.72	928.97	1601.86	2337.75	2825.39	3165.6	3305.79	3333.42	4735.69	3742.07	448.08	627.7	1275.54	1876.74	3045.05	4044.95	3038.86	0.24	236.46	164.55	131.41	13.61	0	0.01	0	0	0	0	0	0.01	0.03	95.94	0.08	0.17	0.37	0.85	0.16	0.69	5.99	5.47	6.37	216.69	0.63	113.08	73.09	2.89	3
P895	1.6	1.89	3.05	7.07	11.4	546399.24	8716313.56	0	6.35	8.74	0	2.14	3.37	0.19	0.74	2.9	3.86	6.44	6.44	9.34	68.91	0	2	0.31	0.47	575.2	888.08	1197.64	2273.12	575.43	891.88	1190.62	1602.19	1922.38	2151.83	2466.77	4102.36	3007.25	480.36	604.34	957.02	1237.08	2653.73	3841.77	2796.24	0.36	240.14	191.25	296.47	-1.76	0	0	0	0	0	0	0	0.03	-0.01	107.68	0.04	-0.1	0.74	0.47	0.98	0.13	7.7	3.85	3.17	181.81	0.43	113.04	42.85	23.55	3
P899	3.98	3.44	3.12	4.7	6.38	541297.22	8715507.73	0	5.95	4.2	0.15	0.82	0.71	0.17	0.25	2.41	2.31	1.95	2.1	4.36	44.78	6.97	3.99	0.46	0.69	518.08	871.84	965.4	2623.44	515.17	867.01	959.27	1508.29	2224.13	2455.63	2761.51	3591.47	2322.89	248.96	358.52	718.09	807.04	2537.3	2816.68	1702.1	0.52	242.96	176.38	48.98	2.22	0	0	0	0	0	0	0	0.06	-0.1	88.85	0.06	0.03	0.37	0.26	0.37	0.37	6.22	6.44	3.81	199.31	0.72	105.32	51.86	7.58	3
P900	5.5	7.83	13.03	22.78	43.72	544619.71	8715215.05	0	5.35	6.18	0.15	1.22	1.84	0.53	1.28	4.23	5.06	4.87	5.02	9.1	53.51	2.91	5.83	0.36	0.54	661.92	1013.8	1236.72	2618.16	662.4	1018.24	1244.82	1742.83	2259.88	2484.89	2805.51	4133.86	3054.96	360.72	503.87	895.72	1086.56	2593.94	3389.04	2397.51	0.41	231.55	182.66	270.65	4.83	0	0	0	0	0	0	0	0	0.01	89.71	0.04	0.02	0.74	1.99	0.83	0.87	6.72	2.36	15.4	224.03	0.26	97.24	55.02	2.26	4
PE 0001	3.48	3.39	3.04	2.22	4.62	546766.35	8716349.52	0	4.89	11.29	0.54	0.61	0.2	0.19	0.25	4.56	4.56	1.25	1.78	5.81	21.48	30.03	3.22	0.49	0.73	513.68	894.76	989.88	2884.24	535.28	918.33	1037.4	1666.01	2432.84	2725.32	3057.42	3689.52	2333.46	203.48	350.09	747.61	894.86	2499.79	2979.4	1884.08	0.47	292.67	210.64	330.5	5.94	0.01	0.02	0.01	0.01	0	0.01	0	-0.07	-0.11	174.88	0.28	0.4	0.77	0.09	0.07	0.89	5.49	11.53	45.66	279.21	1.32	113	86.94	5.64	3
PE 0002	14.53	11.9	9.88	22.38	NA	546725.5	8717983.72	0	6.39	9.21	0	4.49	8.77	2.65	0.44	3.07	6.53	16.34	16.34	19.42	84.18	0	13.66	0.22	0.34	1014.48	1510.96	2047.68	3217.44	1008.5	1501.8	2037.57	2512.75	2847.42	3063.39	3372.75	4993.85	4085.47	508.62	675.69	1143.38	1511.77	3087.75	4182.99	3232.69	0.34	244.78	179.67	58.17	-7.85	0	0	0	0	0	0	0	0	-0.02	99.34	0.03	0	0.37	2.14	1.64	0.68	7.92	1.95	10.39	222.15	0.23	106	49.56	4.72	2
PE 0004	2.74	5	6.37	NA	NA	542574	8715934.84	0	5.6	10.53	0.39	0.82	4.08	0.27	0.4	4.07	3.37	5.56	5.95	9.62	57.74	6.56	2.76	0.56	0.84	404.8	739.6	741.36	2606.72	415.11	742.46	764.55	1321.15	2188.21	2463.01	2721.61	3082.59	1840.07	215.16	314.66	638.97	694.12	2283.89	2460.17	1405.6	0.53	244.17	203.42	66.44	1.76	0	0	0	0.01	0	0	0	0.06	-0.28	93.14	0.24	0.15	0.27	0	0	0.38	5.18	17.35	11.39	200.76	1.99	97.64	53	18.44	3
PE 0005	3.05	4.14	5.34	5.51	5.78	538928.63	8717287.36	0	6.11	10.12	0	1.33	1.94	0.2	0.19	3.24	2.1	3.65	3.65	6.89	53.02	0	2.84	0.21	0.31	654.08	1124.28	1728.28	2613.36	661.05	1138.09	1732.46	2186.64	2585.87	2695.33	2694.11	4330.75	2944.43	334.47	410.73	796.01	1105.8	2322.22	3121.08	2095.56	0.36	299.48	158.43	122.64	4.3	0	0	0	0	0	0	0	0.01	0.02	135.38	0.09	0.13	0.4	0.81	0.29	0.58	6.9	5.85	8.49	246.3	0.68	108.2	59.68	6.11	3
PE 0008	1.85	3.32	6.03	6.71	NA	546925.66	8718332.16	0	6.61	8.38	0	4.49	8.26	0.39	0.95	3.09	5.69	14.08	14.08	17.17	81.99	0	2.25	0.19	0.28	953.16	1439.12	2042.8	2981.36	934.94	1409.85	1991.89	2405.05	2634.66	2832.39	3083.33	4563.53	3715.3	438.84	599.67	1059.85	1412.66	2815.62	3597.4	2759.4	0.33	249.37	178.2	228.32	2.54	0	0	0	0	0	0	0	0.1	0.18	101.2	0.1	-0.07	0.31	0.02	0.07	0.58	5.13	11.49	8.15	217.72	1.3	113	46.23	5.53	3
PE 0009	2.03	2.61	5.46	16.96	23.42	547046.37	8718369.18	0	6.17	8.59	0	3.77	4.49	0.34	0.97	6.01	16.65	9.57	9.57	15.59	61.42	0	2.18	0.26	0.39	825.84	1246.2	1710	2913.28	815.65	1232.98	1689.23	2146.57	2505.02	2739.5	3045.8	4628.68	3639.54	464.75	596.24	1035.28	1340.84	3106.86	3900.27	2997.77	0.4	248.96	161.49	86.14	-4.91	0	-0.01	0	0	0	0	0	0.07	-0.07	99.73	0.08	-0.16	0.49	0.03	0.29	0.3	5.57	8.53	3.39	196.02	0.96	104.04	31.22	10.01	2
PE 0010	1.39	1.58	2.17	2.8	5.01	544061.38	8718806.42	0	5.96	10.09	0	1.94	2.55	0.16	1.05	4.64	6.3	5.69	5.69	10.33	55.11	0	1.51	0.32	0.48	595.6	883.48	1173.52	2267.04	597.13	890.48	1182.8	1572.64	1917.32	2128.72	2468.97	4184.77	3137.88	457.05	555.22	832.31	1066.58	2292.4	3551.66	2578.85	0.37	252.22	179.22	240.25	-15.57	0	-0.01	0	0	0	0	0	0.06	0.07	100.82	0.04	-0.19	0.73	0.11	1.07	0.14	7.78	5.41	1.42	183.99	0.64	113	27.03	10.01	2
PE 0011	1.97	2.7	3.84	4.1	6.74	536169.69	8736581.41	0	5.19	4.47	0.05	0.71	0.71	0.1	0.11	2.92	2.17	1.64	1.68	4.56	35.9	2.89	2.1	0.36	0.53	587.12	1052.4	1408.56	2932.56	589.99	1058.58	1417.91	1966.51	2555.85	2804.36	3121.17	4224.91	2910.12	428.93	522.16	923.57	1207.72	2846.08	3648.9	2421.19	0.4	255.74	183.7	215.71	-7.31	0	0	0	0	0	0	0	0.02	-0.02	101.18	0.01	-0.06	0.94	0.2	3.91	0.03	11.52	1.45	2.04	175.47	0.17	61.08	13.78	68.65	4
PE 1001	2.18	3.09	5.86	8.41	20.57	546107.59	8716435.94	0	6.05	18.16	0	4.18	2.65	0.31	0.46	3.61	11.95	7.61	7.61	11.22	67.83	0	2.79	0.32	0.47	649.76	1084.92	1421.44	2683.2	647.88	1072.35	1416.13	1905.95	2337	2555.51	2839.67	4415.37	3264.03	511.41	635.3	1058.92	1416.23	2771.46	4055.68	3082.94	0.32	239.96	187.69	279.33	11.55	0	0	0	0	0	0	0	-0.03	0.01	99.65	0.11	0.14	0.65	1.31	0.29	0.82	5.62	4.25	8.02	228.18	0.48	113.12	71.13	1.7	3
PE 1002	2.72	2.02	0.32	5.86	17.23	544966.39	8718768.09	0	5.02	14.38	0.44	1.43	1.84	0.42	0.51	13.06	5.83	4.19	4.63	17.25	24.3	9.47	2.44	0.45	0.68	498.72	862.16	1021.8	2625.76	493.75	859.89	1004.91	1537.66	2241.15	2492.55	2788.92	3317.54	2231.42	312.21	412.44	733.02	920.54	2257.51	2696.98	1802.41	0.42	294.75	199.15	238.17	13.68	0.01	0.02	0.01	0.01	0	0.01	0	-0.07	-0.07	150.82	0.28	0.36	0.74	0.25	0.02	0.87	4.66	11.53	28.66	278.74	1.37	113	72.33	4.29	2
PE 1006	0.92	1.27	2.24	2.41	3.45	538884.59	8717207.38	0	5.36	2.08	0.44	0.2	6.93	0.13	0.18	4.47	0.59	7.45	7.89	11.92	62.52	5.56	1.13	0.33	0.5	674.04	1161.4	1575.96	2904.8	665.22	1144.14	1537.18	2036.88	2642.52	2830.3	3011.26	3920.91	2787.64	339.84	432.54	838.83	1130.85	2470.55	3079.05	2173.19	0.38	299.52	174.06	99.19	-18.56	0	-0.01	0	0	-0.01	0	0	0.02	-0.01	135.52	0.05	-0.22	0.69	0.08	1.4	0.16	8.29	4.31	2.77	192.77	0.51	113.04	38.26	15.41	2
PE 1007	30.22	26.77	20.1	16.55	35.12	535369.52	8732564.25	0	4.36	4.6	0.24	0.41	5.1	4.87	0.69	4.98	0.86	11.07	11.31	16.05	68.96	2.15	30.34	0.4	0.61	730.32	1195.56	1380	3091.2	715.44	1170.89	1353.38	1897.65	2672.96	2959.56	3258.57	3642.94	2448.15	280.74	371.79	754.74	865.76	2796.36	2800.81	1730.08	0.53	299.09	182.09	240.49	8.69	0	0.01	0	0	0	0	0	0.01	0.08	158.71	0.1	0.19	0.38	0.42	0.24	0.31	6.92	6.3	6.14	212.67	0.71	81	76.29	15.21	3
PE1005	3.78	3.36	5.1	12.22	27.24	543314.36	8717070.51	0	4.67	11.46	0.24	1.73	6.12	0.73	0.36	10.14	3.58	8.94	9.19	19.08	46.87	2.65	3.81	0.36	0.54	598.76	1009.52	1248.96	2584	582.1	982.56	1204.54	1684.46	2246.78	2464.7	2711.99	3628.2	2333.94	210.46	350.7	777.82	958.24	2500.81	3015.98	1851.5	0.45	260.23	152.41	131.5	0.78	0	0	0	0	0	0	0	-0.02	0.04	106.62	0.15	0.03	0.3	0.16	0.29	0.56	5.62	7.5	5.89	222.44	0.85	113	54.14	4.76	3
T0001	0.89	0.9	0.92	1.18	2.62	546812.96	8716257.23	0	4.6	4.29	0.93	0.41	0	0.05	0.08	4.74	1.98	0.54	1.46	5.28	10.15	63.37	0.91	0.33	0.49	931.16	1369.04	1699.28	3297.2	911.03	1345.45	1667.83	2258.72	2837.59	3114.03	3443.85	4606.2	3137.65	287.25	452.39	879.97	1077.09	2853.38	3561.93	2272.73	0.45	299.81	188.7	284.48	7.45	0	0	0	0	0	0	0	-0.08	-0.05	177.15	0.15	0.12	0.93	1.07	0.43	0.96	6.41	3.55	55.78	295.24	0.41	113.36	76.97	2.08	3
T0002	0.63	1.49	2.41	2.55	2.71	535149.64	8732420.53	0	4.77	7.51	0.39	6.12	3.26	0.1	0.36	13.71	17.73	9.84	10.23	23.55	41.78	3.81	0.42	0.45	0.68	657.68	1037.64	1142.28	2975.52	629.8	1006.93	1095.95	1644.96	2502.08	2787.53	3158.39	3497.6	2292.58	250.98	368.79	749.61	845	2787.21	2974.67	1822.64	0.54	280.62	182.96	159.22	-16.24	0	-0.01	-0.01	0	-0.01	0	0	0.01	-0.05	136.35	0.06	-0.28	0.77	0.08	1.62	0.12	7.3	3.8	2.91	185.49	0.46	66.36	21.38	24.31	2
T0003	3.82	3.99	4.5	3.17	5.47	534994.7	8732579.49	0	6.38	2.2	0.05	2.24	0.61	0.15	0.19	0.51	1.29	3.2	3.25	3.71	86.3	1.5	3.99	0.36	0.54	629.84	950.88	1182.2	2510.96	641.64	969.64	1202.58	1643.55	2132.16	2361.74	2703.78	4035.39	2925.79	406.92	490.85	782.11	995.89	2356.39	3536.73	2521.53	0.41	267.98	187.88	314.15	-14.08	0	0	0	0	0	0	0	0.02	0	115.33	0	-0.1	0.96	0.13	2.6	0.02	10.99	1.12	1.53	175.02	0.14	46.48	3.8	73.02	2
T0004	2.64	3.27	3.96	2.09	1.47	534804.7	8732607.34	0	6	17.87	0.05	6.02	2.24	0.35	1.08	3.05	8.4	9.68	9.73	12.73	76.07	0.5	2.73	0.34	0.52	755	1099.56	1301.6	2660.32	742.82	1082.75	1286.66	1717.59	2256.64	2486.9	2810.2	3931.48	2754.9	406.34	506.58	818.65	975.12	2518.72	3376.7	2220.13	0.44	267.84	177.85	19.97	1.13	0	0	0	0	0	0	0	0	0	111.99	0	0	0.96	0.86	3.99	0.02	12.34	0.11	1.61	174.83	0.01	19	9.74	84.4	2
T0006	4.31	3.82	2.39	8.61	8.88	544696.74	8718525.49	0	4.77	4.63	0.83	0.92	0.82	0.35	0.56	6.43	1.7	2.65	3.47	9.08	29.14	23.85	3.83	0.43	0.64	584.12	1027.16	1100	2751.28	614.89	1065.93	1170.02	1776.55	2463.86	2675.23	2906.79	3960.36	2712.04	360.5	480.67	906.7	1057.39	2581.16	3380.19	2215.73	0.42	307.04	180.51	196.36	33.4	0.01	0.01	0	0	0	0	0	-0.14	0	150.76	0.21	0.35	0.95	2	0.09	0.97	5.32	4.06	42.62	303.42	0.49	113.04	90.75	1.17	3
T0009	4.96	5	5.17	6.31	8.93	546486.55	8716937.23	0	6.66	3.86	0	3.06	1.12	0.3	1	0.51	72.29	5.49	5.49	5.99	91.53	0	5.08	0.3	0.45	824.64	1268	1651.12	3075.44	808.1	1248.61	1636.74	2185.99	2651.83	2914.13	3253.96	4750.66	3551.27	432.44	552.56	938.15	1094.37	3102.89	3484.6	2440.94	0.48	228.47	192.25	329.28	3.75	0	0	0	0	0	0	0	0.05	-0.04	90.07	0.02	0.12	0.29	0.68	0.54	0.35	9.05	4.16	6.42	192.66	0.47	110.56	73.31	11.72	3
T0010	7.24	13.8	18.24	4.04	NA	546597.27	8716773.29	0	5.89	7.59	0.05	4.08	5.1	1.43	1.21	2.71	1.98	11.82	11.87	14.53	81.35	0.41	9.88	0.3	0.45	800.8	1251.6	1610.72	2964	808.64	1258.84	1625.22	2128.89	2587.32	2819.7	3147.27	4722.35	3667.81	479.74	607.81	990.78	1233.21	2867.54	3833.02	2857.85	0.4	237.81	190.96	326.59	11.15	0	0	0	0	0	0	0	0.01	-0.04	105.39	0.07	0.17	0.62	0.94	0.29	0.81	6.5	4.43	12.52	225.45	0.5	113	87.73	2.92	3
T0011	4.81	5.23	6.72	8.11	8.3	546314.62	8716370.15	0	5.02	4.38	0.05	1.33	2.55	0.38	0.51	2.54	7.44	4.76	4.81	7.3	65.22	1.01	5.24	0.32	0.47	595.76	924.28	1244.88	2376.56	592.9	926.69	1239.17	1683.33	2032.8	2235	2559.4	4078.2	2941.76	461.45	590.93	977.31	1269.91	2737.3	3837.44	2768.6	0.37	236.71	188.29	284	-8.32	0	0	0	0	0	0	0	0.02	-0.02	100.72	0.03	-0.07	0.9	0.28	1.45	0.05	8.26	3.35	1.88	176.38	0.39	113.04	50.2	36.14	2
T0015	4.13	4.26	4.33	NA	NA	546883.03	8718646.18	0	5.85	8.31	0	2.24	1.53	0.3	0.92	2.37	11.31	5	5	7.37	67.84	0	4.13	0.48	0.72	560.6	948.8	1060.96	2903.28	554.85	941.55	1050.47	1637.01	2464.6	2743.25	3064.18	3648.67	2280.49	355.58	465.02	843.19	937.28	2987.47	3132.59	1867.97	0.53	293.23	168.38	171.96	16.34	0.01	0.01	0	0	0	0	0	-0.08	0.07	139.7	0.17	0.31	0.92	0.96	0.19	0.96	5.71	5.23	37.88	288.54	0.6	113.08	99.43	1.54	3
T0016	3.33	2.31	1.76	NA	NA	546966.33	8718572.48	0	5.5	11.65	0.19	2.04	1.22	0.35	0.97	5.59	7.37	4.59	4.78	10.17	45.08	4.08	3.42	0.44	0.66	590.84	960.52	1119.12	2809.68	588.78	959.66	1117.58	1692.36	2405.17	2669.85	3014.59	3786.86	2599.19	316.28	421.28	756.75	823.57	2881.77	3015.48	1845.23	0.56	282.31	157.41	128.86	12.21	0.01	0.01	0	0	0	0	0	-0.02	0.04	126.05	0.15	0.23	0.76	0.39	0.09	0.88	5	7.49	24.81	269.44	0.84	113	92.65	3.18	3
T0017	4.68	4.77	5.15	7.62	14.13	546554.16	8715229.96	0	5.37	9.53	0.1	4.89	0.1	0.61	1.21	5.59	3.43	6.81	6.91	12.4	54.94	1.41	4.91	0.31	0.47	758.28	1134.28	1435.6	2735.76	755.6	1129.2	1425.62	1914.25	2364.03	2580.71	2909.05	4220.28	3161.08	512.13	678.54	1072.12	1383.73	2810.97	4097.14	3116.4	0.34	231.58	174.25	213.05	-22.58	0	-0.01	0	0	0	0	0	0.05	0.04	92.85	0.01	-0.17	0.96	0.15	1.93	0.02	9.34	3.32	1.14	174.36	0.4	82.56	28.27	53.26	2
T0018	1.63	3.31	9.09	9.41	9.26	543806.99	8718909.22	0	5.41	5.72	0.19	1.73	1.33	0.3	0.97	4.91	3.5	4.34	4.53	9.25	46.91	4.3	3.29	0.4	0.6	490.2	783.32	994.04	2303.76	491.51	786.91	1001.79	1436.43	1929.29	2161.67	2495.15	3777.65	2689.06	363.35	442.89	696.69	850.5	2220.76	3065.28	2098.45	0.45	243.09	182.71	146.27	-23.61	-0.01	-0.01	-0.01	0	-0.01	-0.01	0	0.09	-0.01	92.99	0.01	-0.32	0.84	0.07	1.19	0.08	8.31	5.92	1.22	178.83	0.72	105.4	17.33	14.84	2
T0019	0.98	0.99	1.02	1.11	1.36	534830.7	8734415.98	0	4.69	2.2	0.49	0.2	0.1	0.03	0.04	2.71	0.94	0.37	0.86	3.08	12.08	56.69	0.99	0.49	0.74	481.2	827.92	941.68	2775.2	479.91	824.24	940.26	1519.64	2340.72	2600.68	2958.73	3378.46	2046.16	266.36	358.56	688.24	805	2717.49	2967.78	1731.21	0.54	338.72	178	102.78	-0.4	0	0	0	0	0	0	0	-0.01	0	177.71	0.02	0	0.52	3.5	2.44	0.76	9.78	0.73	24	298.59	0.08	98	45.33	7.67	5
T0020	1.09	1.03	0.83	1.1	2.03	546392.17	8719593.96	0	4.82	3.87	0.39	0.71	0	0.05	0.22	4.06	10.13	0.98	1.37	5.04	19.45	28.43	1.03	0.27	0.4	785.48	1180.72	1536.4	2643.44	777.22	1176.61	1540.77	1976.28	2342.68	2530.04	2803.08	4460.16	3105.34	423.1	561.39	953.75	1232.07	2526.52	3915.31	2666.43	0.35	324.51	154.93	121.47	-2.76	0	0.01	0.01	0	0	0	0	-0.1	0.02	160.29	0.2	0.19	0.68	0.2	0.95	0.84	8.68	5.45	28.29	300.28	0.63	113.44	70.88	5.28	3
T0021	0.56	0.6	0.66	0.53	NA	546480.95	8719521.91	0	4.63	6.73	0.78	0.82	0.41	0.05	0.24	6.77	6.19	1.52	2.29	8.29	18.28	33.98	0.58	0.32	0.47	677.36	1016.32	1291.04	2480.4	676.6	1014.52	1292.8	1701.7	2096.77	2312.24	2625.08	4326.61	2960.69	419.16	544.91	919.87	1175.46	2566.74	3922.82	2588.63	0.37	300.87	147.89	122.32	-3.98	0	0	0	0	0	0	0	0.02	0.03	139.9	0.15	-0.15	0.46	0.01	0.08	0.27	8.19	9.78	10.51	207.88	1.09	81	13.7	28	2
T0022	1.33	1.25	1	1.19	NA	546632.4	8719458.86	0	5.95	2.01	0.1	0.61	0.51	0.04	0.18	2.03	1.08	1.34	1.44	3.38	39.83	6.76	1.29	0.4	0.6	550.52	894.72	1105.92	2597.2	539.7	884.3	1083.48	1582.89	2189.45	2430.89	2769.1	3934.08	2696.3	394.22	489.45	835.66	950.79	2940.15	3461.51	2268.32	0.51	280.93	168.88	176.7	-17.81	-0.01	-0.01	0	0	0	0	0	0.04	0.09	124.14	0.07	-0.26	0.91	0.04	0.75	0.05	7.69	6.59	1.59	177.96	0.75	81	20.85	36.89	2
T0023	0.87	0.86	0.83	0.75	NA	538530.11	8750148.28	0	5.93	5.83	0.05	2.96	0.82	0.06	0.2	3.05	8.59	4.03	4.08	7.08	56.97	1.19	0.86	0.45	0.68	527.92	924.12	1056.56	2808.24	527.33	929.59	1056.75	1655.94	2421.23	2671.35	3003.59	3225.62	2018.01	172.71	332.5	749.2	889.84	2768.28	2852.67	1728.27	0.51	313.68	175.72	63.08	3.77	0	0	0	0	0	0	0	0.03	-0.05	131.91	0.03	0.02	0.78	0.41	0.64	0.11	7.81	3.69	3.1	188.68	0.41	87.4	60.97	24.82	2
T0024	0.72	0.69	0.6	0.74	0.79	536897.95	8749016.34	0	6.51	16.57	0.05	10.4	1.94	0.12	0.07	4.57	1.98	12.53	12.58	17.1	73.27	0.39	0.69	0.33	0.5	573.72	832.36	1057.12	2107.36	575.42	843.99	1066.68	1408.68	1841.53	2055.34	2330.92	3576	2724.84	327.72	415.48	702.73	874.53	2272.61	2992.83	2076.37	0.44	319.05	177.79	200.45	-17.24	0	0	0	0	0	0	0	0.01	-0.01	131.14	0.01	-0.08	0.96	0.28	3.63	0.02	10.71	1.41	1.29	176.24	0.17	83.16	30.38	58.35	2
T0025	1.8	2.38	4.34	4.18	NA	544112.57	8717743.16	0	5.6	6.8	0.1	2.96	4.89	0.33	0.98	4.4	2.45	9.16	9.26	13.56	67.55	1.05	2.4	0.34	0.51	593.16	930.84	1202.76	2408.88	585.31	922.72	1189.09	1621.72	2076.31	2296.74	2598.78	3876.7	2871.56	477.82	575.01	905.36	1161.65	2503.85	3544.15	2624.41	0.37	244.95	173.86	101.94	-21.16	-0.01	-0.02	-0.01	0	-0.01	-0.01	0	0.09	-0.03	95.46	0.04	-0.31	0.75	0.02	0.81	0.13	7.37	7.44	1.42	182.32	0.91	113.16	34.95	11.5	2
T0026	1.14	1.14	1.14	NA	NA	544140.26	8717749.97	0	5.21	7.89	0.05	2.24	8.46	0.2	0.14	6.09	1.35	11.04	11.09	17.14	64.44	0.44	1.14	0.34	0.51	593.16	930.84	1202.76	2408.88	585.31	922.72	1189.09	1621.72	2076.31	2296.74	2598.78	3876.7	2871.56	477.82	575.01	905.36	1161.65	2503.85	3544.15	2624.41	0.37	244.95	173.86	101.94	-21.16	-0.01	-0.02	-0.01	0	-0.01	-0.01	0	0.09	-0.03	95.46	0.04	-0.31	0.75	0.02	0.81	0.13	7.37	7.44	1.42	182.32	0.91	113.16	34.95	11.5	2
T0027	2.25	3.26	6.97	12.98	14.96	543659.14	8717946.41	0	4.6	7.38	1.71	2.24	10.61	0.74	0.24	9.31	3.5	13.83	15.53	23.14	59.76	10.98	3.21	0.27	0.41	623.2	1030.56	1460.32	2424.24	585.72	981.74	1368.59	1791.35	2241.3	2370.84	2471.33	3703.06	2489.79	312.22	418.59	758	1025.38	2124.53	2984.36	1934.69	0.35	281.02	158.85	130.86	22.28	0.01	0.01	0	0.01	0	0	0.01	0.03	0.05	125.52	0.11	0.13	0.86	0.5	0.15	0.93	4.64	7.9	20.82	273.31	0.95	113	54.93	1.58	3
T0028	1.2	1.19	1.22	2.4	2.18	543989.3	8719332.54	0	6.54	2.88	0.05	1.43	1.33	0.08	1.21	2.54	2.79	4.04	4.09	6.58	61.38	1.19	1.19	0.28	0.42	705.84	1119.68	1545.76	2730.56	697.98	1108.83	1528.56	1966.78	2358.79	2587.09	2931.15	4655.35	3514.26	464.48	571.15	905.51	1213.56	2514.27	3849.76	2812.27	0.35	259.63	175.29	224	9.37	0	0.01	0	0	0	0	0	-0.07	0.06	106.57	0.14	0.18	0.65	1.29	0.39	0.82	6.88	3.75	14.17	244.31	0.44	108.44	76.79	3.06	4
T0029	8.07	6.66	2.15	1.21	NA	544093.01	8719215.55	0	7.01	4.69	0.05	2.45	11.22	1.17	0.69	2.2	6.68	15.53	15.58	17.73	87.59	0.31	6.62	0.33	0.49	590.32	917.12	1200.2	2370.56	598.2	922.12	1215.59	1627.25	1993.21	2218.17	2557.44	4161.02	3027.96	409.32	507.55	782.14	1001.81	2229.44	3484.43	2471.67	0.38	244.57	167.2	217.05	-20.58	0	-0.02	-0.02	0	-0.01	-0.01	0	0.13	0.12	94.34	0.01	-0.38	0.82	0.03	1.02	0.09	8.56	8.31	1.89	179.8	1.02	81.12	20.29	28.23	2
T0030	1.65	1.65	NA	NA	NA	543653.12	8718278.33	0	5.49	10.18	0.29	1.02	7.24	0.29	0.79	8.3	1.84	9.35	9.64	17.64	52.98	3.03	1.65	0.41	0.61	503.88	825.68	997.4	2348.96	503.61	827.09	1004.78	1464.61	1991.92	2199.92	2498.74	3513.59	2484.54	311.56	382.89	649.65	754.71	2135.97	2691.83	1784.09	0.48	265.1	189.53	285.53	1.78	0	0	0	0	0	0	0	-0.01	0.01	111.04	0.09	0.04	0.27	0.37	0.52	0.37	5.76	4.6	4.09	206.79	0.51	107.88	52.26	7.03	3
T0031	3.68	3.58	3.13	2.11	4.77	543613.68	8718279.39	0	5.6	8.47	0.15	2.24	8.57	0.71	0.65	7.62	1.02	12.16	12.31	19.78	61.49	1.19	3.58	0.53	0.8	356.16	656.12	698.72	2280.16	371.36	673.39	735.58	1232.48	1931.08	2169.15	2446.59	3135.27	2103.87	318.11	384.29	647.71	730.82	2192.54	2663.51	1749.88	0.5	261.45	191.6	298.38	-10.31	0	0	0	0	0	0	0	0.02	-0.02	107.8	0.05	-0.07	0.52	0.14	1.34	0.24	6.38	3.96	2.48	194.14	0.44	93.8	30.26	8	2
T0032	1.36	1.11	0.65	7.02	NA	544456.53	8715338.86	0	5.76	3.02	0.1	1.22	1.02	0.07	0.46	3.95	1.09	2.77	2.87	6.73	41.24	3.39	1.1	0.36	0.54	681.4	1087.52	1348.08	2863.84	674.04	1073.7	1324.93	1828.87	2463.23	2706.64	3024.74	4335.92	3153.51	387.01	515.51	888.78	1091.19	2591.19	3478.72	2441.22	0.41	224.63	191.19	315.85	-1.19	0	0	0	0	0	0	0	-0.03	-0.03	84.35	0.1	0.08	0.31	0.35	0.85	0.65	7.74	3.99	10.1	206.83	0.45	113	66.97	5.36	4
T0033	1.79	1.09	0.08	11.91	2.54	544427.7	8715438.95	0	6.6	2.06	0.05	1.53	0.82	0.06	0.49	2.23	3.48	2.89	2.94	5.12	56.4	1.66	1.1	0.43	0.65	489.84	855.8	1012.52	2547.84	489.2	855.16	1013.84	1537.77	2177.3	2416.96	2732	3845.07	2655.99	335.04	439.51	762.31	878.75	2444.18	3098.5	2036.54	0.47	214.28	190.06	316.83	-1.53	0	0	0	0	0	0	0	0.05	-0.02	75.79	0	-0.08	0.82	0.33	1.23	0.09	10.38	3.09	2.39	176.8	0.34	81	30.9	26.03	4
T0034	0	0.55	7.94	17.6	3.72	535009.4	8717277.88	0	5.4	4.32	0.29	0.92	0.1	0.11	0.38	4.47	0.48	1.51	1.8	5.97	25.2	16.26	1.82	0.46	0.69	599.44	904.44	997.08	2641.52	601.56	900.87	989.36	1501.83	2235.39	2492.66	2822.53	3026.62	1893.74	215.22	320.47	626.68	715.21	2428.45	2408.56	1484.54	0.55	367.99	175.85	57.97	0.9	0	0	0	0	0	0	0	0.03	-0.05	183.06	0.03	0.02	0.54	0.32	0.7	0.23	7.23	3.73	3.53	217.64	0.41	65	56.76	11.91	5
T0035	0.43	0.5	0.75	1.18	1.16	535014.89	8717243.4	0	5.52	5.57	0.15	2.14	0.61	0.06	0.5	7.73	1.57	3.32	3.46	11.05	30.02	4.22	0.55	0.52	0.77	553.56	819.56	844.96	2611.68	550.16	819.55	846.41	1373.78	2179.09	2456.23	2784.28	2849.74	1706.77	200.51	292.64	585.57	647.78	2374.9	2299.06	1377.64	0.57	369.49	175.75	67.35	1.56	0	0	0	0	0	0	0	0.02	-0.04	184.27	0.04	0.03	0.4	0.43	0.7	0.3	7.5	3.32	5.01	232.16	0.37	75.24	65.49	11.64	5
T0036	1.04	1.09	1.3	1.9	2.77	535227.82	8717455.7	0	5.2	7.96	0.24	2.24	1.33	0.12	0.11	6.6	4.91	3.8	4.04	10.4	36.53	6.03	1.13	0.49	0.74	555.56	847.84	937.76	2716.96	548.4	841.47	923.89	1467.03	2272.1	2551.73	2905.99	3021	1826.09	266.78	344.46	622.5	727.05	2457.22	2422.11	1476.36	0.54	359.26	169.2	88.64	-8.39	0	0	0	0	0	0	0	0.03	-0.02	176.32	0.02	-0.06	0.63	0.22	1.52	0.18	8.53	3.24	3.42	207.39	0.36	97.04	55.16	15.24	5
T0037	1.15	1.1	1.07	1.45	1.82	534388.98	8722624.32	0	5.89	4.96	0.05	0.41	2.65	0.08	0.09	3.61	3.48	3.23	3.28	6.84	47.21	1.49	1.14	0.28	0.43	659.88	957.2	1265.12	2271.6	657.4	964.83	1267.48	1655.73	2008.79	2177.05	2443.74	3846.44	2775.67	416.39	496.94	780.8	1041.93	2145.77	3492.17	2433.73	0.35	360.53	179.08	112.51	0	0	0	0	0	0	0	0	0	0	184.91	0	0	0.71	5.97	2.38	0.85	11.55	0.11	12.27	333.11	0.01	3	0.37	2.1	6
T0038	1.53	1.46	1.45	1.94	NA	534245.9	8722622.11	0	5.52	2.31	0.05	0.92	0.1	0.06	0.07	2.58	2.86	1.15	1.2	3.73	30.82	4.07	1.52	0.3	0.44	588.4	861.12	1142.48	2096	586.37	853.91	1135.35	1468.28	1804.03	1968.06	2230.94	3763.23	2690.35	401.61	466.71	719.56	940.35	2035.22	3370.34	2307.11	0.37	360.53	179	247.49	0	0	0	0	0	0	0	0	0	0	184.93	0.01	0	0.69	5.96	2.42	0.84	11.61	0.11	12.28	331.29	0.01	3	0.37	2.27	6
T0039	1.08	1.04	1	1.17	NA	534373.9	8722311.22	0	5.37	4.24	0.05	1.53	0.51	0.06	0.07	3.09	3.68	2.17	2.22	5.26	41.24	2.2	1.07	0.28	0.41	722.72	1069.04	1342.96	2369.04	726	1069.47	1345.09	1748.65	2123.78	2303.38	2533.97	3985.09	2918.19	463.31	551.48	871	1119.96	2279.14	3569.14	2526.75	0.34	361.97	180	23.81	3.9	0	0	0	0	0	0	0	0	-0.01	186.48	0.01	0.01	0.68	5.97	0.97	0.84	9.98	0.59	7.64	331.94	0.07	96.44	58.43	1.44	6
T0040	1.57	1.57	1.58	1.57	NA	534647.08	8722468.57	0	5.69	2.06	0.05	1.22	0.2	0.06	0.06	2.06	1.16	1.54	1.59	3.6	42.76	3.07	1.57	0.31	0.46	717.56	1063.36	1393.68	2600.72	706.83	1053.39	1370.29	1800.67	2253.18	2444.35	2727.8	3921.5	2845.65	434.38	528.39	850.44	1114.49	2340.82	3505.72	2480.64	0.36	360.22	179.69	51.68	8.14	0	0	0	0	0	0	0	0	0	184.67	0	0.01	0.71	5.95	3.75	0.85	10.64	0.33	10.32	333	0.04	38.84	58.21	1.76	6
T0041	1.48	1.53	1.72	2.1	NA	535120.31	8723903.17	0	5.21	2.18	0.15	0.82	0.2	0.05	0.02	2.41	1.3	1.09	1.24	3.5	31.28	11.78	1.49	0.33	0.5	756.44	1134.92	1471.72	2827.44	704.66	1065.45	1356.89	1850.13	2468.99	2690.96	2970.21	3721.03	2600.63	327.79	432.94	786.02	1010.78	2614.1	3129.9	2043.49	0.45	355.25	179	123.48	-1.04	0	0	0	0	0	0	0	0	0	180.47	0.01	-0.01	0.39	5.67	3.71	0.69	10.54	0.31	6.46	299.45	0.04	60.6	31.32	2.85	6
T0042	1.1	1.01	0.88	NA	NA	534822.24	8721955.53	0	5.1	2.77	0.24	0.82	0.41	0.05	0.07	3.09	1.7	1.35	1.59	4.44	30.32	15.33	1.08	0.3	0.45	664.68	982.2	1280.96	2382.08	651.32	966.91	1260.41	1639.57	2013.51	2220.46	2551.88	3887.48	2720.26	394.44	469.43	743.15	964.6	2213.36	3291.66	2176.17	0.39	360.21	179	91.32	0.38	0	0	0	0	0	0	0	0	0	184.66	0	-0.01	0.63	5.96	2.79	0.81	10.55	0.41	11.2	325.13	0.05	86.2	42.01	2.58	6
T0043	2.45	1.75	0.95	1.78	NA	536579.19	8727397.26	0	5.34	2.95	0.29	0.71	0.1	0.1	0.09	3.09	1.08	1	1.3	4.1	24.5	22.56	2.33	0.33	0.49	638.36	997.36	1339.88	2600.16	627.12	979.85	1308.58	1754.8	2271	2481.85	2733.59	3771.83	2718.56	397.68	475.01	821.66	1099.34	2526.9	3348.78	2372.33	0.4	361.57	179.08	182.69	14.21	0	0	0	0	0	0	0	0	0.01	192.18	0.01	0.03	0.93	6.78	0.46	0.96	9.61	0.51	28.39	354.56	0.06	96.44	69.21	1.09	6
T0044	0.77	0.75	0.69	0.79	1.13	533183.38	8727692.17	0	4.57	3.13	0.93	0.41	0	0.04	0.09	4.64	1.49	0.54	1.46	5.18	10.37	63.3	0.76	0.21	0.32	1136.36	1648.44	2204	3348.4	1114.48	1613.78	2158.22	2613.7	2952.49	3176.93	3486.33	5109.2	3675.04	615	782.67	1255.22	1709.61	3065.93	4537.12	3198.02	0.29	331.99	181.39	22.51	0	0	0	0	0	0	0	0	0	0	153.87	0	0	0.71	0.99	5.99	0.15	12.8	0.11	6.7	196.36	0.01	3	0	39.01	5
T0045	0.94	0.98	1.03	1	1.32	534135.46	8727415.05	0	5.04	5.69	0.24	0.71	0.2	0.03	0.08	2.58	2.87	1.03	1.27	3.61	28.54	19.14	0.96	0.34	0.51	698.76	1027.6	1285.28	2597.44	699.88	1027.49	1279.81	1730.56	2201.71	2420.79	2740.49	3993.01	2789.92	410.95	518.06	837.1	1060.49	2473.37	3500.07	2398.11	0.4	335.59	181.99	268.95	-0.43	0	0	0	0	0	0	0	0	0	162.13	0	0	0.62	1.16	3.63	0.19	11.43	0.4	3.7	204.24	0.04	91.32	37.62	15.62	5
T0046	1.22	1.23	1.25	1.28	NA	535584.05	8730700.03	0	4.87	4.64	0.44	0.71	0	0.04	0.05	2.75	0.87	0.81	1.24	3.56	22.67	35.24	1.22	0.27	0.41	745.08	1251.76	1721.52	2955.2	719.65	1208.15	1656.12	2130.72	2634.97	2834.56	3068.88	3929.95	2730.27	327.56	439.52	893.61	1250.44	2701.25	3378.79	2224.05	0.37	349.71	186	319.18	-1.21	0	0	0	0	0	0	0	-0.04	-0.04	200.92	0.08	0.09	0.23	0.53	1.7	0.61	9.79	2.57	10.41	280.41	0.3	94.48	58.37	6.57	3
T0050	2.81	2.57	1.72	1.45	NA	531625.78	8726614.82	0	4.74	4.46	0.44	0.41	0	0.05	0.03	1.55	1.5	0.49	0.93	2.03	24	47.32	2.56	0.34	0.51	978.2	1343.92	1599.52	3227.68	972.88	1333.28	1590.14	2164.77	2737.93	2990.79	3448.97	4321.35	2892.36	431.67	605.02	1008.43	1241.33	3067.46	3707.92	2334.35	0.42	334.94	179	22.51	0	0	0	0	0	0	0	0	0	0	157.99	0	0	0.81	5.93	5.99	0.09	12.41	0.11	3.69	188.4	0.01	3	0	35.3	6
T1001	2.68	3.52	5.55	4.73	3.06	546374.98	8718219.27	0	5.07	9.46	0.68	1.02	1.63	0.31	0.56	6.53	1.23	3.52	4.21	10.05	35.05	16.22	3.11	0.39	0.59	492.56	828.04	1056.28	2389.44	487.51	820.16	1053.04	1499.7	1996.85	2220.42	2535.97	3832.29	2688.58	481.29	567.32	903.07	1107.59	2806.69	3851.26	2697.27	0.43	272.85	130.85	134.5	7.36	0.01	0.01	0.01	0.01	0	0	0	0.02	0.11	123.52	0.24	0.28	0.12	0.01	0.01	0.53	4.99	14.86	19.42	226.17	1.72	113	59.67	16.74	3
T1002	5.62	6.76	11.31	17.64	18.64	546420.84	8718101.75	0	6.56	13.52	0.05	5.61	10.4	1.7	0.44	3.26	3.61	18.14	18.19	21.41	84.75	0.27	7.92	0.28	0.42	678.76	985.4	1354.96	2391.76	670	977.35	1349.52	1721.94	2040.53	2253.05	2591.38	4323.86	3153.29	442.36	540.84	868.53	1006.69	2856.16	3442.7	2350.8	0.48	255.71	180.62	213.56	-1.2	0	0	0	0	0	0	0	0	0.07	109.14	0.07	-0.06	0.22	0.39	0.83	0.4	5.91	4.16	8.98	206.03	0.48	81.12	38.41	13.7	2
T1003	0.55	0.68	1.17	2.91	4.51	546429.04	8717913.47	0	6.48	7.74	0.05	2.75	1.73	0.11	0.87	2.92	5.52	5.47	5.52	8.39	65.18	0.88	1.3	0.31	0.47	635.04	948.68	1224.88	2348	638.5	950.84	1229.26	1639.09	1974.7	2184.74	2518.45	4255.91	3009.51	489.82	602.84	936.31	1134.36	2753.8	3850.29	2720.91	0.42	240.87	170	175.43	-1.71	0	0	0	0	0	0	0	0	0.06	97.99	0.07	0.03	0.81	0.32	0.65	0.1	6.76	4.07	3.83	179.62	0.46	96.36	53.44	37.11	2
T1004	1.14	1.26	1.63	2.11	1.91	538634.47	8746235.48	0	4.72	4.27	0.78	0.31	0.1	0.08	0.02	6.01	0.95	0.51	1.29	6.52	7.77	60.61	1.2	0.47	0.71	486.56	728.4	907.84	2528.96	497.19	743.43	931.2	1377.51	2112.23	2396.4	2690.35	3242.6	2111.99	227.94	313.54	564.29	713.59	2356.39	2680.37	1628.64	0.54	348.41	177.01	102.68	-0.06	0	0	0	0	0	0	0	0	0	157.9	0.01	0	0.3	0.71	3.4	0.35	9.89	0.77	23.22	234.78	0.09	98	39.72	42.83	5
T1005	1.63	1.51	1.38	1.63	2.85	539104.92	8747415.54	0	5.21	4.72	0.58	0.31	0	0.06	0.03	3.09	0.95	0.39	0.97	3.48	11.15	60.11	1.62	0.5	0.75	420.2	653	808.44	2401.2	420.51	653.22	806.51	1233.14	1970.6	2257.49	2590.64	3147.77	1973.19	235.27	322.54	583.55	741.56	2367.02	2730.98	1698.43	0.52	350.91	177.3	126.55	0.16	0	0	0	0	0	0	0	0	0	169.64	0.02	0	0.36	1.4	2.62	0.68	9.6	0.74	20.61	293.82	0.08	72.52	29.29	9.75	5
T1006	1.29	1.36	1.58	1.88	2.1	539079.72	8743473.33	0	5.33	5.06	0.15	1.02	0.2	0.06	0.05	2.92	1.77	1.33	1.48	4.25	31.27	9.91	1.33	0.4	0.6	500.4	754.04	1025.4	2390.8	501.96	760.78	1031.47	1424.78	1954.87	2237.9	2575.74	3550.64	2318.09	294.13	380.7	642.4	858.35	2332.18	3013.19	1898.15	0.46	327.27	178	88.59	0.65	0	0	0	0	0	0	0	0	-0.01	140.55	0.02	0	0.36	2.19	2.07	0.32	9.12	0.96	25.49	222.68	0.11	98	81.91	53.72	5
T1007	1.15	1.19	1.26	1.1	4	536273.28	8747689.07	0	4.87	4.83	0.73	0.1	0.31	0.05	0.03	3.95	1.57	0.49	1.22	4.44	11.05	59.83	1.17	0.47	0.71	505.16	756.28	1003.16	2714.32	518.98	771.92	1020.79	1431.49	2212.7	2524.55	2871.32	3265.23	2210.28	217.15	304.71	537.53	695.2	2461.49	2545.82	1475.33	0.56	367.26	184.31	24.69	-3.19	0	0	0	0	0	0	0	0.02	-0.08	173.17	0.06	-0.06	0.62	0.23	0.62	0.19	8.85	4.7	5.4	209.67	0.52	81	10.75	23.42	3
T1009	4.86	2.72	1.57	NA	NA	543121.27	8717800.21	0	5.2	5.41	0.68	0.51	3.26	0.5	0.33	5.33	1.91	4.6	5.28	9.93	46.33	12.92	5.04	0.42	0.63	566.76	956.16	1129.4	2769.04	559.39	950.5	1129.25	1664.7	2357.4	2634.19	2901.83	3847.9	2634.63	342.04	433.85	814.4	1002.7	2433.87	3230.41	2132.22	0.42	255.9	177.13	44.57	0.59	0	0	0	0	0	0	0	0.02	-0.15	101.95	0.15	0.06	0.26	0.05	0.09	0.53	5.69	9.19	6.35	216.98	1.02	113	73.29	5.78	3
T1010	1.4	1.29	1.57	2.45	NA	543152.37	8717828.46	0	6.15	5.94	0.05	1.02	1.63	0.07	0.09	2.23	2.04	2.82	2.86	5.05	55.76	1.7	1.38	0.4	0.59	618.6	1030.12	1243	2869.76	613.53	1023.24	1239.16	1775.23	2473.43	2735.71	3011.89	3999.08	2819.35	359.77	468.88	856.45	1053.23	2585.91	3354.09	2305.24	0.42	249.93	179.9	48.74	-11.55	0	-0.01	-0.01	0	0	0	0	0.1	-0.14	97.42	0.06	-0.23	0.69	0.01	0.42	0.16	6.44	9.17	2.19	185.18	1.05	109.2	19.39	12.32	2
T1011	4.45	3.89	1.96	0.92	1.77	544814.53	8719625.82	0	7	12.03	0.05	6.73	8.46	0.73	0.12	2.58	37.42	16.04	16.09	18.62	86.16	0.3	3.9	0.29	0.43	748.88	1138.6	1494.64	2679.6	737.76	1119.5	1476.56	1900.84	2275.57	2496.72	2864.6	4449.24	3433.81	466.88	582.16	925.1	1208.36	2496.31	3738.24	2809.02	0.35	278.66	178.88	227.35	14.82	0	0.01	0	0	0	0	0	-0.03	0.06	127.05	0.1	0.23	0.2	1.2	0.24	0.6	6.6	4.18	17.11	236.41	0.48	108.12	85.19	11.33	3
T1012	1.35	1.52	6.15	15.01	NA	544552.71	8719650.39	0	7.46	10.27	0	5.71	2.75	0.15	0.11	2.23	15.95	8.72	8.72	10.96	79.62	0	1.35	0.27	0.4	736.56	1073	1466.08	2541.84	739.71	1076.55	1471.99	1857.2	2145.83	2383.74	2782.13	4756.54	3600.49	498.77	598.58	891.92	1167.1	2418.51	3975.65	2872.82	0.35	263.62	181.06	243.22	17.21	0	0	0	0	0	0	0	-0.01	0.03	111.94	0.05	0.16	0.55	2.22	0.26	0.77	6.53	2.32	10.35	243.06	0.27	113.32	77.69	2.99	3
T1013	27.81	17.25	1.86	NA	NA	544545.17	8719516.96	0	6.82	8	0	2.14	7.65	4.22	0.07	2.23	12.82	14.08	14.08	16.31	86.3	0	25.86	0.24	0.36	856.96	1320.4	1795.36	2907.28	845.84	1304.76	1774.76	2235.63	2541.45	2752.19	3080.15	4760.24	3738.61	439.74	580.92	1031.95	1371.05	2724.49	3861.05	2921.52	0.33	254.78	174.69	211.72	-0.65	0	0	0	0	0	0	0	0.04	0.06	104.45	0.03	-0.07	0.89	0.3	1.61	0.06	8.47	3.54	1.7	177.66	0.4	81.28	38.3	31.72	2
T1014	1	1.89	2.68	NA	NA	546636.12	8717603.26	0	6.62	6.76	0	2.96	2.14	0.11	1	3.09	3.75	6.21	6.21	9.3	66.74	0	1.17	0.22	0.33	912.8	1367.84	1814.48	2844.72	900.49	1349.77	1773.93	2207.33	2481.26	2668.5	2966.2	4436.94	3487.44	552.77	722.7	1182.93	1539.18	3066.35	4076.79	3143.31	0.33	235.07	179.78	183.56	18.22	0	0	0	0	0	0	0	-0.05	0.01	93.42	0.06	0.1	0.28	2.89	0.25	0.64	10.08	0.52	9.59	212.75	0.07	73.76	92.91	5.4	4
T1015	8	5.13	2.47	18.91	NA	546534.43	8717559.62	0	6.93	10.97	0	6.12	18.25	2.04	0.95	3.95	3.75	27.36	27.36	31.32	87.38	0	6.53	0.21	0.31	1039.08	1478.08	1971.12	2993.92	1020.2	1460.39	1945.33	2363.12	2629.37	2852.43	3142.22	4829.24	3905.19	600.2	763.2	1224.76	1597.82	2970.55	4152.75	3313.59	0.3	230.66	182.54	219.32	6.88	0	0	0	0	0	0	0	0.01	0.03	90.3	0.02	-0.01	0.44	2.35	0.61	0.28	9.18	1.59	5.78	189.34	0.18	111.36	44.24	14.82	2
T1016	0.99	1.1	1.43	1.67	NA	546661.4	8717365	0	6.27	10.79	0.05	4.79	6.12	0.17	0.53	5.67	4.43	11.61	11.66	17.28	67.19	0.42	1.01	0.44	0.66	638	1009.64	1165.84	3017.76	629.4	1000.79	1158.3	1768.86	2581.61	2837.07	3169.4	3951.31	2688.34	385.22	509.69	872.67	1002.33	2953.91	3425.97	2277.58	0.49	222.22	179.34	258.97	-10.47	0	0	0	0	0	0	0	0	0	83.56	0	-0.02	0.95	0.47	4.39	0.03	11.46	0.23	1.69	174.29	0.03	24.08	27.35	65.93	2
T1017	1.61	1.61	1.62	1.63	1.65	541328.64	8715553.36	0	6.56	5.6	0.05	1.94	0.92	0.07	0.28	0.86	3.2	3.2	3.25	4.06	78.85	1.5	1.61	0.38	0.57	531.92	810.16	984.68	2203.04	532.37	815.81	992.91	1397.24	1853.23	2070.3	2361.68	3697.21	2530.39	305.39	405.91	690.35	821.04	2061.61	2964.42	2000.11	0.43	238.62	171.32	106.38	-10.41	0	0	0	0	0	0	0	0.01	0	85.92	0.04	-0.07	0.86	0.19	1.77	0.07	7.76	2.88	2.16	177.8	0.32	81	37.42	27.77	2
T1019	2.02	1.94	1.67	1.83	2.66	540806.82	8719307.36	0	5.12	4.9	0.54	1.02	0	0.08	0.07	3.09	3.14	1.17	1.71	4.27	27.52	31.35	1.94	0.39	0.59	512.52	818.64	1039.84	2372.16	511.31	816.48	1041.16	1482.19	1989.71	2222.9	2549.77	3852.81	2598.53	339.29	408.41	667.88	847.66	2179.07	3065.2	2026.42	0.44	305.25	178.36	106.6	1.42	0	0	0	0	0	0	0	0	0	133.86	0.01	-0.01	0.07	2.58	3.65	0.53	10.81	0.52	36.48	243.77	0.06	86.2	43.29	31.72	6
T1020	2.46	2.49	2.61	3.14	3.24	540985.27	8719414.9	0	5.09	6.18	0.54	0.82	0.1	0.18	0.39	5.67	1.91	1.49	2.02	7.16	20.79	26.48	2.49	0.4	0.6	508.76	824.96	1040.16	2437.52	513.53	829.64	1052.45	1504.67	2034.02	2270.15	2600.63	3813.42	2584.74	344.18	416.08	699.82	883.6	2251.51	3106.52	2055.69	0.44	304.64	179	101.08	4.7	0	0	0	0	0	0	0	0	0	134.22	0.01	0.01	0.07	2.37	4.52	0.53	11.25	0.31	32.74	243.3	0.03	47.8	72.45	28.59	6
T1021	3.07	2.95	2.52	2.02	1.84	534251.24	8723255.52	0	5.18	3.53	0.24	0.61	0	0.08	0.05	2.06	1.57	0.74	0.99	2.8	26.49	24.69	2.95	0.38	0.58	633.96	967.44	1219.96	2709.12	631.8	966.55	1217.27	1691.31	2312.98	2577.71	2879.36	3671.11	2478.06	371.89	463.71	792.44	1003.19	2610.33	3307.82	2138.14	0.44	359.1	180	25.28	-3.63	0	0	0	0	0	0	0	0	0	183.45	0	0	0.76	5.9	3.37	0.88	10.99	0.11	10.64	336.43	0.01	3	9.88	1.48	6
T1022	0.69	1.13	2.73	4.57	1.71	533190.14	8722706.21	0	5.48	9.64	0.19	2.04	0.82	0.08	0.06	3.95	3	2.99	3.19	6.95	43.11	6.11	1.13	0.36	0.54	552.72	826.92	1061.56	2235.36	550.32	825.21	1057.82	1459.9	1889.16	2100.33	2404.3	3446.21	2260.34	352.35	435.62	692.79	886.93	2175.37	3104.83	1946.58	0.42	354.04	181.33	294.21	1.14	0	0	0	0	0	0	0	0.01	0	178.43	0.01	0.01	0.07	0.83	3.43	0.53	10.88	1.12	7.28	269.63	0.12	98	56.76	6.36	6
T1023	0.99	1.27	2.31	3.84	4.78	533258.63	8722541.46	0	5.41	3.46	0.24	0.51	0.1	0.04	0.03	2.41	0.8	0.68	0.93	3.09	22.08	26.33	1.27	0.39	0.59	513.48	802.44	994.04	2283.76	515.79	799.47	991.64	1423.96	1910.27	2138.67	2445.43	3376.09	2170.13	329.88	413.02	681.93	867.3	2238.35	3039.64	1850.94	0.44	355.24	181	332.03	-4.32	0	0	0	0	0	0	0	-0.01	0	179.78	0.01	0	0.14	0.28	4.6	0.57	10.89	0.11	9.92	276.68	0.01	3	28.21	7.52	6
T1024	0.74	0.83	1.14	1.56	2.85	533452.53	8722556.04	0	5.75	5.94	0.19	1.12	0.41	0.04	0.06	3.09	1.98	1.63	1.82	4.72	34.48	10.7	0.83	0.37	0.56	608.96	927.56	1186.52	2585.28	612.96	929.91	1193.81	1656.37	2212.05	2449.35	2772.88	3594.2	2437.63	378.57	465.21	759.45	980.82	2453.02	3208.68	2056.08	0.43	356.08	181	270.71	-2.18	0	0	0	0	0	0	0	0	0	180.67	0.01	-0.02	0.14	0.84	3.81	0.57	10.24	0.5	7.79	277.15	0.06	54	40.3	5.91	6
T1025	1.82	1.84	1.9	1.57	2.01	531440.97	8721118.96	0	5.77	4.41	0.15	0.92	0	0.06	0.04	2.06	1.16	1.02	1.16	3.08	33.05	12.56	1.84	NA	NA	NA	NA	NA	NA	NA	NA	NA	NA	NA	NA	NA	NA	NA	NA	NA	NA	NA	NA	NA	NA	NA	NA	NA	NA	NA	NA	NA	NA	NA	NA	NA	NA	NA	NA	NA	NA	NA	NA	NA	NA	NA	NA	NA	NA	NA	NA	NA	NA	NA	NA
T1026	1.33	1.52	2.18	2.32	5.2	531540.04	8721626.04	0	4.91	3.54	0.39	0.51	0.1	0.05	0.03	2.75	1.36	0.69	1.08	3.44	20.05	36.11	1.52	0.33	0.5	684.84	1011.6	1304.36	2563.04	681.28	1014.76	1292.16	1707.91	2238.89	2452.59	2738.59	3713.12	2691.52	438.69	541.39	877.08	1131.84	2591.31	3443.38	2417.95	0.39	352.09	182	125.93	1.12	0	0	0	0	0	0	0	0.01	-0.01	177.38	0.01	0	0.03	1.02	3.43	0.51	9.84	0.79	14.85	264.18	0.09	84.04	51.6	14.34	5
T1027	1.56	1.74	2.36	2.5	3.22	531868.8	8723506.26	0	5.35	3.76	0.24	0.61	0.31	0.07	0.02	2.75	2.25	1	1.24	3.75	26.69	19.58	1.74	0.37	0.56	595.52	898.16	1149.72	2510	601.83	905.59	1159.88	1607.46	2062.22	2295.4	2715.87	3854.46	2420.75	408.83	513.96	809.33	1033.78	2543.5	3542.53	2149.63	0.42	340.18	182.54	19.64	-0.8	0	0	0	0	0	0	0	0	0	168.45	0	0	0.72	0.96	5.45	0.14	11.1	0.11	4.71	196.66	0.01	3	9.68	28.63	5
T1028	1.53	1.55	1.62	1.68	2.26	535612.21	8732939.19	0	5.77	5.29	0.1	1.73	0.41	0.07	0.11	1.89	3.68	2.32	2.41	4.21	55.07	4.04	1.55	0.33	0.5	628.68	964	1266.72	2519.28	637.23	979.01	1289.83	1742.17	2179.12	2402.82	2708.48	3988.82	2856.9	385.34	469.2	771.03	1012.13	2372.84	3455.79	2382.37	0.4	328.61	185.93	309.58	0.1	0	0	0	0	0	0	0	-0.02	-0.01	180.38	0.05	0	0.54	0.38	1.58	0.77	8.47	2.03	36.61	293.18	0.22	112.72	54.4	10.67	5
T1029	2.09	2.07	1.92	1.15	0.52	537370.07	8733000.52	0	5.7	4.27	0.1	0.92	0.2	0.07	0.09	2.06	1.7	1.28	1.38	3.35	38.37	7.06	2.08	0.32	0.48	626.2	932	1216.8	2348.24	618.44	920.89	1202.87	1604.41	2033.08	2223.55	2466.38	3808.71	2773.76	368.22	459.66	752.29	954.76	2279.64	3221.18	2221.7	0.41	330.85	179	77.96	-0.14	0	0	0	0	0	0	0	0	-0.01	173.77	0.01	0	0.28	1.36	3.49	0.64	9.62	0.61	15.58	274.13	0.07	99	47.56	8.75	6
T1030	1.2	1.18	1.16	1.4	1.64	532919.26	8723558.83	0	4.82	9.67	0.29	2.04	0.31	0.09	0.08	5.15	4.36	2.52	2.81	7.67	32.8	10.41	1.19	0.46	0.69	554.16	953.8	1027.56	2787.28	572.65	963.5	1065.37	1682.16	2369.13	2613.69	2971.99	3650.43	2336.45	368.91	464.42	785.7	964.53	2627.73	3363.55	2097.21	0.46	347.39	183	297.2	0.53	0	0	0	0	0	0	0	0.01	0	176.62	0.01	0	0.04	1.25	2.5	0.51	9.01	0.93	7.01	261.47	0.1	98	46.19	6.82	5
T1031	2.4	2.4	2.42	2.87	4.11	539605.07	8735274.81	0	4.69	3.07	0.49	0.2	0	0.07	0.05	2.75	2.04	0.33	0.81	3.08	10.62	59.88	2.4	0.32	0.48	662.84	1043.88	1472.04	2824.48	665.79	1050.58	1486.36	1962.38	2497.76	2703.17	2998.56	4263.96	3120.68	399.43	508.91	871.37	1240.72	2658.1	3615.67	2540.95	0.36	307.89	177.97	93.68	-0.01	0	0	0	0	0	0	0	0	-0.01	144.27	0.02	0	0.13	0.85	2.59	0.56	9.79	1	19.77	249.21	0.11	66	31.15	15.21	5
T1032	2.33	2.48	3.01	3.66	3.54	539811.48	8735290.85	0	4.92	3.89	0.19	0.61	0	0.07	0.06	2.23	2.73	0.75	0.94	2.98	25.07	20.69	2.48	0.31	0.47	617.6	969.2	1384.96	2616.88	611.4	962.29	1370.4	1845.47	2243.66	2462.79	2772.73	4197.25	2987.91	407.68	489.71	821.45	1141.91	2523.97	3550.62	2435.72	0.38	304.73	177.31	95.89	-1.97	0	0	0	0	0	0	0	0	-0.01	141.82	0.02	0.01	0.06	0.59	2.59	0.53	10.13	1.03	20.07	242.58	0.11	98.08	45.93	17.91	5
T1033	2.3	2.43	2.77	3.5	4.56	539733	8736502.19	0	4.65	2.84	0.54	0.31	0	0.07	0.05	2.75	2.39	0.43	0.97	3.18	13.56	55.43	2.32	0.24	0.37	794.16	1194.48	1744.48	2858.8	789.71	1192.47	1741.44	2199.5	2568.34	2759.43	3024.68	4512.6	3412.8	475.2	587.19	952.35	1376.82	2673.34	3837.23	2751.91	0.32	301.51	178.12	65.79	-1.97	0	0	0	0	0	0	0	0	-0.01	134.61	0.02	-0.01	0.47	0.52	3.29	0.27	10.33	1.04	6.53	207.11	0.11	66	34.74	18.08	5
T1034	0.54	1.38	2.74	3.38	3.61	538857.74	8736333.94	0	5.18	9.99	0.1	2.86	0.71	0.09	0.16	7.39	4.36	3.82	3.91	11.21	34.07	2.49	0.78	0.21	0.31	708.96	1086.12	1675.76	2540.32	699.87	1071.18	1650.81	2023.38	2314.59	2484.03	2669.21	4392.23	3511.35	481.73	564.36	891.1	1321.73	2402.02	3694.56	2822.39	0.29	313.77	179.48	75.94	-0.85	0	0	0	0	0	0	0	0	-0.01	145.86	0.01	0	0.65	4.41	3.17	0.83	9.4	0.63	21.69	289.28	0.07	70.76	35.21	4.56	5
T1038	1.56	1.75	2.19	2.13	1.94	537443.14	8729372.51	0	4.72	4.16	0.49	0.61	0	0.08	0.06	3.95	2.45	0.75	1.24	4.7	15.93	39.42	1.66	0.35	0.52	601.92	940.36	1257.44	2571.84	595.69	933.2	1242.55	1721.94	2227.36	2450.8	2743.31	3785.04	2534.55	324.7	409.17	713.06	951.77	2477.7	3276.46	2105.32	0.45	350.82	179	74.79	2.25	0	0	0	0	0	0	0	0	-0.01	185.33	0.01	0.01	0.54	0.97	3.29	0.77	9.7	0.76	28.46	309.54	0.08	66.2	64.05	8.61	5
V10	2.43	2.42	2.41	2.56	2.77	535090.66	8732753.02	0	5.72	3.55	0.05	0.61	0.51	0.12	0.16	3.61	3.99	1.41	1.46	5.02	28.06	3.35	2.43	0.42	0.63	631.28	1022.56	1205.52	2917.52	620.82	1009.31	1176.8	1697.56	2484.39	2758.74	3071.64	3649.73	2523.07	289.76	399.85	771.01	918.69	2666.95	3181.78	2109	0.49	272.18	190.98	294.78	-4.43	0	0	0	0	0	0	0	0.06	0	123.76	0.01	-0.06	0.91	0.24	1.15	0.05	10.03	3.71	2.73	177.73	0.41	65	18.51	55.69	2
V18	8.85	7.98	13.84	33.31	42.23	543926.84	8717694.95	0	5.51	9.19	0.07	2.65	6.53	1.53	1.52	5.07	4.94	12.23	12.29	17.29	70.69	0.55	8.85	0.33	0.5	706.08	1172.6	1485.6	2940.08	709.44	1172.22	1482.68	2000.36	2589.1	2823.14	3109.79	4397.46	3350.68	408.8	527.23	928.19	1145	2705.31	3565.86	2552.73	0.41	258.49	176.61	159.01	18.19	0	0.01	0	0	0	0	0	-0.02	0.02	106.17	0.08	0.15	0.33	1.83	0.33	0.67	6.29	3.46	9.16	229.93	0.41	113.28	68.74	4.6	3
V7	1.59	2.52	4.13	6.1	7.33	539872.12	8736448.32	0	5.4	7.27	0.15	0.92	1.02	0.12	0.12	5.15	6.37	2.18	2.32	7.33	29.68	6.3	1.6	0.3	0.46	583.24	923.84	1250.96	2352.88	589.75	929.21	1271.82	1678.66	2106.8	2315.75	2523.79	3557.79	2588.53	340.99	451.51	817.31	1154.12	2380.38	3224.46	2262.25	0.35	299.96	180.12	45.56	-1.94	0	0	0	0	0	0	0	0	-0.02	133.37	0.02	0.02	0.49	0.49	2.67	0.26	9.31	0.96	4.48	205.55	0.11	97.12	47.59	13.06	5
V8	0.77	1.88	3.9	5.21	4.61	539723.53	8735313.68	0	4.97	8.58	0.15	1.33	1.63	0.13	0.13	9.11	8.01	3.22	3.37	12.33	26.13	4.34	1.06	0.32	0.48	652.56	1026.32	1455.76	2731.2	645.39	1012.31	1436.55	1915.97	2357.55	2605.63	2881.7	4129.58	3047.2	397.87	489.58	822.97	1148.44	2546.06	3438.25	2413.68	0.38	306.3	177.52	89.75	0.09	0	0	0	0	0	0	0	0	-0.01	142.97	0.02	0.01	0.06	1.2	2.62	0.53	9.83	0.93	17.84	243.41	0.1	74.96	50.15	15.94	5
