Perfil	ST_0_5_cm	ST_5_15_cm	ST_15_30_cm	ST_30_60_cm	ST_60_100_cm	X	Y	top	pH	COT	Al	Ca	Mg	Na	K	H_Al	P	Valor_S	CTCefetiva	Valor_T	Valor_V	m	SPS	s10ndvi	s10savi	s10b2	s10b3	s10b4	s10b8	s20b2	s20b3	s20b4	s20b5	s20b6	s20b7	s20b8A	s20b11	s20b12	lanb1	lanb2	lanb3	lanb4	lanb5	lanb6	lanb7	lanndvi	dem	hill_shade	aspect	convergence_index	curv_cross_sectional	curv_general	curv_longitudinal	curv_maximal	curv_minimal	curv_profile	curv_tangencial	difference	diurnal_anisotropic_heat	effective_air_flow_heights	gradient	Mass_balance_index	mid_slope_position	MRRTF	MRVBF	normalized_height	saga_wetness_index	slope_degress	slope_height	standardized_height	terrain_ruggedness_index	terrain_surface_classification_iwahashi	terrain_surface_convexity	valley_depth	amb_pedo
P816	1.4	1.81	2.49	3.11	4.37	533632.72	8732228.63	0	5.36	3.59	0.15	1.12	0.51	0.07	0.07	2.66	3.33	1.77	1.92	4.43	40.01	7.63	1.47	0.42	0.62	631.24	1018.76	1203	2877.84	612.56	998.12	1163.5	1684.1	2422.21	2678	3039.48	3596.33	2456.25	300.79	415.91	794.97	952.87	2739.67	3159.02	2014.67	0.49	282.76	173.39	101.52	-4.83	0	0	0	0	0	0	0	0.03	-0.01	122.78	0.02	-0.04	0.83	0.27	1.65	0.09	7.81	2.7	2.84	182.49	0.3	65	34.09	30.28	4
PE 0003	3.3	4.57	5.51	3.86	6.23	546094.18	8721034.87	0	4.67	5.79	0.44	0.61	0.61	0.17	0.19	3.24	1.82	1.58	2.02	4.82	32.87	21.68	3.61	0.27	0.4	644.92	1125.96	1656.16	2802.16	651.26	1131.44	1661.98	2194.09	2747.64	2837.11	2889.57	4451.5	2871.61	359.14	461.12	832.12	1166.94	2417.36	3377.26	2037.46	0.35	323.28	202.37	300.4	5.1	0	0.01	0	0.01	0	0	0	-0.04	-0.05	162.95	0.2	0.21	0.61	0.19	0.09	0.8	5.48	9.15	18.08	293.79	1.04	113	71.34	4.34	3
PE 0006	3	3.07	3.12	3.14	3.97	540026.82	8749914.17	0	5.54	6.29	0.15	1.02	1.02	0.13	0.13	1.91	3.04	2.29	2.44	4.2	54.58	5.99	3	0.36	0.54	695.68	1193.32	1511.32	3040.96	689.28	1177.42	1488.52	2002.31	2682.83	2945.27	3154.38	3794.38	2477.59	222.07	374.61	889.61	1197.29	2836.94	3339.87	2095.83	0.42	301.72	169.6	54.78	2.93	0	0	0	0	0	0	0	0.09	-0.15	125.84	0.1	0.01	0.32	0.04	0.05	0.45	6.03	10.74	5.32	231.14	1.22	113	51.39	6.98	3
PE 0007	2.86	2.56	2.93	3.43	5.35	540006.14	8750511.84	0	5.33	4.28	0.97	0.61	0.41	0.14	0.12	3.61	1.74	1.28	2.25	4.89	26.18	43.24	2.85	0.46	0.69	603.96	1038.2	1236.52	3136.08	600.57	1023.39	1219.62	1802.91	2647.87	2964.91	3270.13	3482.54	2157.81	231.11	355.62	768.53	988.86	2718.62	2944.82	1782.84	0.47	331.66	138.74	141.48	-0.01	-0.01	0	0.01	0.01	-0.01	0	-0.01	-0.02	0.07	157.28	0.2	0.17	0.62	0.45	0.17	0.6	5.59	10.72	11.9	269.01	1.41	105.56	67.74	6.49	2
PE 0012	3.71	3.24	3.44	5.32	7.73	534950.18	8735848.83	0	5.02	3.86	0.34	0.2	0.1	0.14	0.1	3.26	1.33	0.55	0.89	3.81	14.31	38.49	3.65	0.39	0.59	664.16	1117.96	1301.12	2916.48	677.1	1142.72	1348.48	1918.29	2574.21	2807.84	3095.75	3905.82	2556	349.72	493.98	985.93	1256.07	2937.78	3567.86	2248.17	0.41	298.49	164.66	170.68	7.4	0	0	0	0	0	0	0	0.04	0.08	149.19	0.05	0.09	0.45	0.64	0.33	0.68	6.26	5.43	13.68	258.39	0.62	109.24	53.55	5.85	3
PE 1003	1.63	2.05	2.23	2.16	2.21	532504.12	8743470.86	0	4.66	6.36	0.63	0.2	0.41	0.13	0.09	7.22	2.63	0.83	1.46	8.05	10.31	43.3	1.62	0.36	0.54	700.32	1099.28	1417.12	2927.84	703.61	1101.41	1415.56	1924.3	2561.78	2812.99	3088.99	3746.17	2691.84	253.61	348.74	634.74	809.23	2155.64	2450.94	1561.19	0.46	403.4	195.37	243.47	5.12	0	0.02	0.02	0.01	0	0.01	0	-0.15	0.08	198.04	0.31	0.38	0.76	0.46	0.42	0.88	7.88	9.41	28.3	376.03	1.14	110.84	71.68	3.6	3
PE 1008	2.24	2.33	2.56	2.53	2.28	540086.33	8749933.9	0	4.66	3.49	0.54	0.2	0.1	0.12	0.11	4.81	2.56	0.53	1.07	5.34	9.97	50.15	2.28	0.48	0.72	535.44	895.92	1070.6	2854.08	517.05	874.57	1035.27	1561.83	2401.01	2732.38	3048.94	3385.52	2199.26	216.02	341.67	757.75	942.58	2829.47	3084.7	1923.75	0.51	295.05	170.86	100.12	-13.24	0	-0.01	-0.01	0	-0.01	0	0	0.08	-0.04	120.76	0.04	-0.14	0.82	0.11	0.88	0.09	8.1	6.62	1.63	183.95	0.83	113	43.4	23.19	2
PE1004	1.59	1.73	2	2.49	2.85	531434	8744098	0	4.95	4.19	0.34	1.02	0.61	0.12	0.1	5.84	2.76	1.86	2.2	7.7	24.11	15.53	1.58	0.51	0.76	551.28	884.68	1000.44	2962.96	542.47	872.95	985.35	1524.82	2462.76	2801.53	3157	3262.37	2112.32	302.01	402.87	725.37	854.86	2819.74	2892.57	1806.66	0.54	385.06	174.87	160.16	-9.1	0	0	0	0	0	0	0	-0.03	0	174.38	0.04	-0.01	0.65	0.19	2.92	0.17	8.7	0.13	6.99	209.71	0.02	21.56	39.96	33.44	2
T0048	1.16	1.3	1.79	2.53	NA	528203.27	8725071.3	0	4.98	3.9	0.39	0.41	0	0.03	0.02	1.89	0.8	0.46	0.85	2.35	19.53	45.94	1.3	0.29	0.44	780.72	1091.4	1492.4	2715.76	767.69	1080.56	1470.34	1934.27	2346.74	2570.14	2917.67	4219.75	3076.16	554.52	635.71	921.47	1230.07	2662.4	3675.75	2553.41	0.37	354.42	175.99	115.57	-1.26	0	0	0	0	0	0	0	0	0	173.39	0.02	0	0.15	0.5	2.4	0.42	8.44	1.35	9.02	249.96	0.15	78.8	32.29	12.26	5
T0049	1.38	1.48	1.82	2.29	NA	528146.82	8725225.94	0	4.98	5.05	0.24	0.82	0.1	0.05	0.03	2.23	1.84	1	1.24	3.23	30.9	19.61	1.48	0.29	0.44	804.92	1129.96	1517.28	2758.96	796.76	1127.76	1501.74	1962.68	2410.38	2613.89	2947.39	4270.39	3133.69	567.84	651.35	956.54	1263.88	2677.58	3696.3	2598.91	0.36	357.67	175.01	105.2	0.49	0	0	0	0	0	0	0	0	0	175.41	0.02	0.01	0.09	0.8	2.26	0.54	8.48	1.3	12.54	273.43	0.14	94.16	62.5	10.53	5
T0052	1.1	1.15	1.36	2.12	NA	544782.42	8725204.47	0	5.28	5.65	0.1	1.02	0.51	0.06	0.11	3.61	3.61	1.7	1.8	5.31	32	5.43	1.15	0.25	0.37	867.8	1276.24	1841.44	2971.36	858.02	1276.59	1809.71	2257.07	2666.07	2882.77	3143.46	4718.57	3539.09	542.39	698.86	1144.77	1599.17	2931.86	4357.38	3212.35	0.3	325.84	181.74	319.78	13.05	0	0	0	0	0	0	0	-0.04	0	184.07	0.05	0.03	0.54	3.28	0.66	0.77	10.35	0.53	30.36	290.68	0.06	102.2	65.99	9.08	5
T1018	1.41	1.42	1.45	1.46	NA	541266.94	8715437.2	0	5.44	6.39	0.24	1.02	0.71	0.09	0.21	4.47	3.27	2.03	2.27	6.5	31.24	10.72	1.41	0.43	0.65	590.32	978.16	1109.32	2773.12	591.5	980.9	1108.44	1655.71	2377.68	2659.5	2951.07	3641.57	2358.55	265.27	393.17	787.73	922.25	2597.88	2972.24	1882.06	0.48	247.71	169.32	116.14	19.28	0	0.01	0	0.01	0	0	0	-0.01	0.01	92.76	0.1	0.17	0.78	1.1	0.2	0.89	5.32	5	11.23	239.5	0.58	113	64.32	1.36	3
T1035	0.8	1.41	2.57	3.38	3.67	537199.45	8741823.69	0	5.31	12.7	0.15	2.96	0.71	0.1	0.12	7.22	4.36	3.89	4.04	11.11	35.02	3.62	0.9	0.21	0.31	830.32	1142.08	1706.32	2591.12	833.53	1143.31	1711.23	2059.25	2287.44	2486.98	2767.67	4731.63	3757.75	552.27	657.47	967.59	1418.69	2479.72	4091.3	3177.25	0.27	350.8	177.95	116.13	2.14	0	0	0	0	0	0	0	0	0	154.62	0.02	0.01	0.72	1.84	2.5	0.14	10.67	0.83	10.35	197.72	0.09	98	68.72	64.27	5
T1036	0.95	1.21	1.83	2.93	4	536559.23	8741543.88	0	5.3	9.92	0.19	2.35	0.92	0.1	0.13	6.19	4.36	3.49	3.68	9.67	36.05	5.29	0.99	0.2	0.31	809.08	1137.84	1746.8	2636.32	814.97	1138.98	1755.24	2090.39	2292.62	2496.91	2780.69	4687.97	3755.06	523.86	628.79	942.96	1403.23	2455.79	4035.22	3129.52	0.27	358.14	177	121.63	1.17	0	0	0	0	0	0	0	0	0	159.63	0.02	0	0.3	1.46	2.53	0.35	10.12	0.82	22.41	238.19	0.09	94.16	54.8	41.27	5
T1037	0.96	0.98	1.06	1.26	1.49	531411.3	8745452.42	0	4.5	6.98	0.63	1.12	0	0.08	0.05	7.39	3.07	1.26	1.89	8.64	14.53	33.54	0.96	0.5	0.75	474.68	747.56	911.16	2714.64	469.13	737.35	902.24	1374.74	2226.06	2554.47	2918.55	3253.69	2009.46	244.04	330.43	582.41	710.56	2565.93	2670.61	1533.85	0.57	428.65	178	107.28	2.36	0	0	0	0	0	0	0	0	0	213.01	0.01	0	0.9	4.78	2.14	0.95	10.73	0.41	64.96	415.81	0.05	99	93.24	3.43	6
V1	3.5	2.85	2.57	3.4	4.45	539291.36	8750294.23	0	5.3	3.03	0.05	0.31	0.41	0.12	0.07	2.41	7.39	0.91	0.95	3.31	27.35	5.11	3.55	0.5	0.75	506.04	823.52	943.64	2760.4	523.17	845.93	981.13	1527.94	2312.54	2609.48	2947.68	3248.19	2048.58	197.81	346.41	764.33	947.09	2760.88	3032.57	1850.48	0.49	348.83	154.35	141.17	-6.71	0	0	0	0	0	0	0	0.01	0.06	163.89	0.12	-0.05	0.28	0.11	0.41	0.52	7.65	7.56	9.59	264.37	0.85	113	47.45	8.12	2
V11	2.87	2.92	3.06	2.86	2.92	540822.32	8726715.69	0	7.2	4.76	0	1.94	1.68	0.17	0.35	1.55	53.98	4.13	4.13	5.68	72.78	0	2.91	0.41	0.61	646.76	1147.64	1409.68	3330	643.87	1140.48	1394.66	1994.47	2948.61	3255.02	3461.17	3882.23	2838.8	306.04	428.89	873.01	1076.94	2964.89	3249.57	2233.15	0.47	320.89	178.54	89.13	-0.17	0	0	0	0	0	0	0	0	-0.01	158.92	0.02	0	0.05	0.71	3.36	0.52	9.71	0.83	16.99	249.49	0.09	66	31	15.88	5
V12	2.61	2.86	3.65	3.47	4.45	543105.04	8725836	0	5.04	5.79	0.24	0.71	1.33	0.28	0.79	6.87	0.65	3.12	3.36	9.99	31.2	7.25	2.83	0.36	0.53	651.04	1110.8	1330.8	2785.28	653.47	1107.34	1338.45	1883.86	2511.55	2720.76	2920.92	3842.29	2390.69	357.03	490.18	983.2	1274.65	2780.35	3549.15	2216.65	0.37	310.96	184.59	31.41	1.48	0	0	0	0	0	0	0	0.01	-0.17	157.94	0.17	0.1	0.36	0.03	0.08	0.68	6.56	9.88	17.98	267.16	1.11	113	62.89	8.5	2
V13	2.23	2.18	2.09	2.11	2.96	528235.95	8725133.78	0	5.4	1.9	0.15	0.41	0.2	0.08	0.35	2.66	2.49	1.05	1.19	3.71	28.24	12.24	2.23	0.3	0.45	745.56	1050.64	1418.32	2647.76	741.56	1043.05	1410.9	1860.82	2300.66	2520.75	2880.92	4163.3	2989.05	543.33	618.62	899.66	1201.85	2617.27	3618.5	2502.88	0.37	354.87	176.78	107.12	2.65	0	0	0	0	0	0	0	0	0	173.73	0.02	0.02	0.06	1.31	2.27	0.47	8.5	1.15	10.43	258.76	0.13	98	62.06	11.69	5
V14	3.08	3.69	4.23	3.15	2.75	545118.27	8725032.35	0	6.26	6.01	0.05	1.84	0.2	0.18	0.12	3.52	7.06	2.35	2.39	5.87	39.97	2.04	3.11	0.32	0.48	916.04	1283.72	1541.6	2947.44	911.49	1277.24	1535.83	2054.52	2530.05	2772.16	3128.38	4419.08	3004.67	405.66	550.23	938.88	1105.78	2827.89	3593.34	2280.27	0.44	328.01	180.35	276.35	-4.58	0	0	0	0	0	0	0	0	0	186.66	0.01	-0.01	0.32	3.62	2.44	0.66	10.29	0.45	19.74	275.29	0.05	99	40.38	10.18	5
V15	1.57	1.49	1.21	1.6	2.7	541873.72	8725000.47	0	5.47	5.33	0.36	0.82	0.71	0.1	0.58	4.55	3.03	2.21	2.57	6.77	32.72	14.01	1.48	0.26	0.39	826.48	1368.56	1778.88	3005.12	816.11	1343.15	1747.64	2235.29	2650.89	2868.5	3137.38	4597.3	3413.01	393.17	508.11	952.56	1257.25	2577.29	3641.15	2554.76	0.35	314.81	183.45	307.78	-0.41	0	0	0	0	0	0	0	-0.01	-0.01	148.56	0.03	0.05	0.08	0.77	2.17	0.54	10.01	1.34	5.23	249.2	0.15	98.24	65.8	4.49	5
V16	1.92	1.93	1.98	2.08	2.14	529201.73	8721760.81	0	5.48	4.63	0.2	0.51	0.31	0.07	0.08	2.66	2.83	0.96	1.17	3.63	26.59	17.5	1.92	0.36	0.54	658.08	978.08	1240.8	2605.92	667.55	991.72	1255.45	1717.8	2261.47	2466.9	2805.27	3626.32	2535.05	463.52	554.41	858.88	1097.89	2602.08	3383.72	2249.21	0.41	345.14	180	22.51	0	0	0	0	0	0	0	0	0	0	171.33	0	0	0.49	1.51	5.95	0.26	12.29	0.11	8.31	216.98	0.01	3	0	24.25	6
V17	1.27	1.37	1.65	2.04	2.6	538802.56	8719764.71	0	6.33	6.7	0.08	1.33	1.43	0.08	0.11	3.01	5.56	2.94	3.02	5.95	49.45	2.58	1.32	0.36	0.53	686.28	1043.36	1284.4	2693.52	693.83	1047.67	1300.7	1783.29	2325.74	2552.47	2861.92	3997.61	2784.5	316.34	420.01	739.52	900.14	2324.48	2901.2	1967.34	0.44	328.7	178	117.91	-1.85	0	0	0	0	0	0	0	0	0	155.89	0.01	0	0.35	0.37	3.71	0.67	9.93	0.66	39.76	277.88	0.07	67	9.7	19.27	5
V179	3.1	3.16	3.31	3.38	3.69	533987.25	8714819	0	4.56	1.65	0.59	0.51	0	0.09	0.04	2.16	1.19	0.64	1.23	2.8	22.69	48.34	3.11	0.44	0.66	626	954.68	1031.96	2631.76	614.29	937.81	1005.54	1537.99	2228.54	2483.84	2814.93	3063.25	1868.76	285.87	362.07	676.24	754.79	2510.79	2605.96	1515.41	0.54	365.8	176.75	142.66	0.85	0	0	0	0	0	0	0	-0.01	0.01	183.06	0.02	0.01	0.59	1	2.52	0.79	8.68	1.04	17.27	326.13	0.11	94.16	56.78	4.46	5
V19	2.33	2.14	1.71	1.41	1.74	534218.49	8715456.49	0	5.35	2.25	0.19	0.31	0.71	0.09	0.05	2.66	1.33	1.15	1.34	3.82	30.21	13.84	2.28	0.47	0.7	607.52	894.4	935.56	2584.08	603.69	892.22	936.45	1446.75	2204.06	2448.09	2750.82	2915.1	1785.85	264.46	345.51	640.28	707.56	2440.44	2467.76	1453.65	0.55	371.63	178.24	113.84	0	0	0	0	0	0	0	0	0	0	184.44	0.01	0	0.57	1.03	3.06	0.79	8.84	0.83	20.51	329.06	0.09	91.6	34.18	5.6	5
V2	1.37	1.64	2.1	2.18	2.86	531362.08	8745108.35	0	5.44	8.39	0.15	1.43	1.12	0.13	0.07	6.53	3.85	2.75	2.9	9.28	29.67	5.04	1.41	0.5	0.75	472.36	745.4	901.88	2695.52	459.09	738.42	891.19	1380.29	2208.78	2539.85	2926.41	3228.11	1967.98	241.48	327.9	592.09	714.89	2601.96	2681.97	1506.64	0.57	426.87	178	126.71	2.14	0	0	0	0	0	0	0	0	0	211.34	0.01	0.01	0.93	2.86	2.75	0.96	9.84	0.64	69.69	417.85	0.07	67	40.17	2.57	5
V20	1.44	1.61	1.86	2	2.36	540614.3	8709205.13	0	5.04	0.89	0.52	0.41	0.82	0.07	0.2	3.35	3.17	1.5	2.01	4.85	30.86	25.67	1.44	0.43	0.65	491.72	764.24	940.36	2357.28	493.86	766.6	951.99	1405.12	1911.65	2163.34	2540.61	3723.69	2466.8	403.32	471.02	711.89	865.48	2310.54	3216.1	2067.66	0.45	204.91	173.15	144.78	-9.83	0	0	0	0	0	0	0	0.04	0.02	64.08	0.01	-0.1	0.97	0.16	2.36	0.02	9.07	2.45	1.29	173.62	0.28	81.28	22.14	75.19	2
V21	1.26	1.27	1.53	2.22	1.83	546231.09	8705647.99	0	4.73	4.71	0.21	0.71	0.51	0.07	0.1	4.47	2.83	1.4	1.61	5.87	23.86	13.28	1.26	0.55	0.82	413.84	720.8	804.64	2729.52	414.44	722.06	811.26	1413.15	2265.97	2566.68	2928.05	3135.26	1886.16	295.28	383.24	694.49	797.99	2733.66	2896.86	1731.96	0.55	270.89	179	217.61	0.42	0	0	0	0	0	0	0	0	0.01	121.54	0.01	0	0.71	1.32	3.02	0.86	9.27	0.65	35.68	256.76	0.07	99	81.96	6.01	5
V22	2.49	2.7	2.99	3.02	2.22	545764.1	8700458.18	0	5.16	2.52	0.14	0.51	0.31	0.07	0.32	1.75	2.56	1.21	1.35	2.96	40.85	10.13	2.49	0.46	0.68	529.96	889.96	1068.56	2817.12	526.82	885.74	1063.62	1635.71	2390.88	2667.17	3025.92	3471.56	2223.97	327.09	435.23	799.62	959.69	2846.93	3180.5	2012.67	0.5	256.76	180.64	37.3	-0.28	0	0	0	0	0	0	0	-0.01	-0.02	138.56	0.03	0	0.04	0.49	2.64	0.48	9.44	1.48	9.48	213.2	0.16	83.92	50.52	10.3	5
V23	1.52	1.83	2.65	2.75	3.58	550889.08	8695930.62	0	5.59	7.58	0	1.73	1.12	0.07	0.24	1.25	15.03	3.17	3.17	4.42	71.65	0	1.67	0.35	0.53	566.6	828.52	1012.12	2111.4	571.51	832.21	1020.31	1387.92	1789.19	1987.36	2283.52	3642.18	2434.38	405.05	505.51	790	949.64	2482.67	3510.51	2285.47	0.45	261.77	180	42.62	0.01	0	0	0	0	0	0	0	-0.01	-0.01	132.25	0.02	0	0.27	4.01	3.26	0.36	10.97	0.34	4.96	205.36	0.04	3	30.55	8.67	6
V24	1.12	1.66	3.16	3.19	2.56	549797.38	8693072.1	0	6.11	5.87	0	2.96	0.92	0.09	0.1	2.03	3.03	4.06	4.06	6.09	66.7	0	1.43	0.4	0.59	628.88	921.24	1186.92	2730.68	623.38	921.35	1194.77	1624.78	2311.34	2567.66	2925.91	3978.74	2619.43	462.12	557.19	826.4	1126.11	2584.06	3932.01	2541.3	0.39	278.33	181	5.74	0	0	0	0	0	0	0	0	0	-0.01	150.88	0.01	0	0.09	3.28	2.79	0.54	9.01	0.58	10.67	230.33	0.06	87.48	31.16	8.94	6
V25	1.13	1.7	3.14	3.7	2.74	551252.51	8691424.47	0	5.53	5.6	0	2.86	0.92	0.07	0.15	1.53	3.1	3.99	3.99	5.52	72.31	0	1.34	0.3	0.44	814.36	1217.36	1637.2	2904.52	784.43	1177.68	1578.09	1965.51	2475.72	2738.44	3055.47	4383.17	3023.96	437.79	557.83	908.49	1220.24	2770.3	3744.46	2452.58	0.4	277.45	178.49	83.74	-0.08	0	0	0	0	0	0	0	0	-0.01	142.07	0.01	-0.01	0.05	2.4	2.4	0.48	9.02	0.75	17.58	222.73	0.08	89.6	20.63	19.37	5
V26	4.01	3.25	2.92	2.63	3.4	553940.67	8687527.58	0	5.14	2.21	0.06	0.41	0.31	0.13	0.04	2.53	1.53	0.89	0.95	3.42	26.05	6.17	3.95	0.5	0.74	560.08	914.2	1041.84	3050.56	559.06	913.76	1041.23	1646.14	2556.32	2899.51	3254.95	3291.32	2109.5	347.96	443.7	798.96	989.73	3014.24	3139.76	1982.79	0.51	270.99	180	28.72	2.28	0	0	0	0	0	0	0	0	-0.02	131.9	0.02	0.01	0.17	2.2	1.98	0.42	9.54	1.03	16.64	213.94	0.11	98	49.99	23.25	5
V27	0.4	2.7	3.45	5.21	6.69	556446.11	8684228.31	0	6.18	15.94	0	6.63	2.35	0.02	0.2	1.2	15.17	9.19	9.19	10.39	88.43	0	0.17	0.71	1.06	295.64	485.6	503.16	2916.88	295.05	485.96	505.71	939.94	2276.12	2787.7	3148.87	2223.18	1126.64	221.54	260.58	430.65	446.99	2900.87	2110.02	1017.37	0.73	264.05	181.91	9.33	-1.45	0	0	0	0	0	0	0	-0.01	-0.02	124.6	0.03	-0.01	0.39	0.52	2.56	0.7	8.2	1.27	11.71	236.41	0.14	98	43.43	5.11	5
V3	3.28	4.19	6.1	5.1	8.05	531049	8741927	0	4.94	1.95	0.24	0.1	0.31	0.12	0.05	2.58	1.88	0.58	0.82	3.15	18.28	29.71	3.72	0.28	0.42	1051.72	1580.64	2035.2	3556.8	1005.03	1523.58	1936.95	2443.01	3074.42	3376.95	3753.08	4686.28	3650.42	485.04	641.08	1123.24	1475.34	3194.99	3872.91	2850.96	0.37	323.16	180.57	220.57	-1.54	0	0	0	0	0	0	0	0.04	0.05	145.46	0.01	-0.01	0.62	0.35	1.43	0.19	9.41	2.72	3.46	201.9	0.3	91.88	44.74	14.92	2
V4	1.36	1.7	2.68	5.12	7.46	537058.8	8741861.01	0	5.73	10.34	0.05	2.04	1.73	0.14	0.13	6.53	4.6	4.05	4.1	10.58	38.28	1.19	1.36	0.19	0.28	872.12	1189.52	1781.52	2600.8	879.67	1198.52	1796.86	2120.68	2336.83	2500.87	2768.24	4777.06	3846.29	556.19	662.91	998.7	1467.2	2507.74	4156.21	3264.15	0.26	352.39	177.06	109.54	2.4	0	0	0	0	0	0	0	0	0	155.65	0.02	0.01	0.69	1.46	2.77	0.16	10.56	0.82	11.74	201.29	0.09	66	63	62.86	5
V5	4.84	5.37	6.86	9.49	8.66	529313	8739467	0	4.93	1.24	0.24	0.2	0	0.11	0.06	1.89	2.15	0.38	0.62	2.27	16.69	39.16	4.98	0.24	0.36	1263.64	1837.04	2260.64	3622.24	1228.49	1782.82	2195.77	2688.63	3160.41	3429.13	3808.19	5108.08	3927.11	649.39	847.07	1421.05	1789.12	3426.71	4473.86	3294.83	0.32	326.69	170.96	143.14	-3.33	0	0	0	0	0	0	0	0.04	0.02	155.38	0.01	-0.03	0.61	0.37	1.59	0.2	9.5	2.87	3.88	203.3	0.32	65.04	32.76	16.14	4
V6	4.03	4.91	6.87	8.85	11.98	531824	8738362	0	5.67	2.19	0.05	0.41	0.31	0.13	0.09	2.23	2.63	0.94	0.99	3.18	29.7	4.91	4.24	0.29	0.43	793.28	1283.28	1696.8	3052.16	784.88	1262.72	1667.82	2138.39	2595.17	2844.96	3257.8	4784.46	3681.99	527.46	652.32	1087.54	1423.58	2884.36	4207.46	3124.11	0.34	295.04	178.23	155.72	16.89	0	0	0	0	0	0	0	-0.01	0	138.24	0.01	0.01	0.37	2.73	0.84	0.32	11.59	0.09	5.53	211.63	0.01	51	56.13	11.96	3
V9	3.16	3.84	5.43	6.32	6.31	531971.92	8733407.45	0	6.59	2.48	0	0.71	0.82	0.12	0.13	1.72	5.83	1.78	1.78	3.49	50.82	0	3.36	0.43	0.65	757.6	1182.32	1292.8	3267.44	747.79	1175.25	1282.41	1899.37	2807.06	3103.57	3465.83	4072.63	2898.19	435.38	551.73	961.21	1091.86	3091.91	3564.13	2414.95	0.48	317.91	177.85	198.79	2.24	0	0	0	0	0	0	0	0.02	0.04	157.36	0.02	0.02	0.46	0.77	1.02	0.27	9.03	2.55	6.35	212.23	0.28	93.16	51.77	17.34	4
